
2013/06/11 00:20:56 36.54 8.23 2.62 22.17 114.44B 18.55 37.30% 115.41B 47.17 36.02 N/A 2,552,850 4,221,880 7.20 1.03 3 
2013/06/12 00:36:30 36.09 8.12 2.59 21.90 113.03B 18.32 37.30% 115.41B 47.17 35.50 N/A 2,589,610 4,144,370 7.11 1.03 3 

2013/06/13 00:25:18 35.89 8.02 2.56 21.78 112.40B 18.22 37.30% 115.41B 47.17 35.50 N/A 2,620,760 4,075,840 7.02 1.03 3 
2013/06/14 08:10:43 35.92 7.98 2.54 21.80 112.50B 18.23 37.30% 111.90B 47.17 35.50 N/A 2,639,300 3,772,840 6.99 1.03 4 
2013/06/17 00:08:54 36.79 7.98 2.62 22.32 115.22B 18.77 37.30% 114.72B 47.17 35.50 N/A 2,665,170 3,833,700 6.99 1.03 4 
2013/06/18 00:54:05 36.39 8.18 2.62 22.08 113.97B 18.57 37.30% 114.72B 47.17 35.50 N/A 2,705,150 3,520,770 7.16 1.03 3 
2013/06/18 23:26:08 35.85 8.09 2.62 21.75 112.28B 18.29 37.30% 114.72B 47.17 35.50 N/A 2,728,750 3,489,100 7.08 1.03 3 
2013/06/20 00:04:28 34.90 7.97 2.55 21.18 109.30B 17.81 37.30% 114.72B 47.17 34.67 N/A 2,758,110 3,439,290 6.98 1.03 3 
2013/06/21 01:20:35 33.73 7.76 2.53 20.47 105.64B 17.21 37.30% 114.72B 47.17 33.45 N/A 2,843,830 3,982,710 6.79 1.03 3 
2013/06/24 00:27:40 34.84 7.50 2.53 21.14 109.11B 17.78 37.30% 108.61B 47.17 33.45 N/A 2,962,340 4,554,010 6.56 1.03 4 
2013/06/25 00:26:13 34.51 7.74 2.53 20.94 108.08B 17.61 37.30% 108.61B 47.17 33.45 N/A 3,015,660 5,184,880 6.78 1.03 3 
2013/06/26 01:38:21 35.10 7.67 2.50 21.30 109.93B 17.91 37.30% 108.61B 47.17 33.45 N/A 3,051,820 5,077,440 6.72 1.03 4 
2013/06/27 01:03:30 36.26 7.80 2.55 22.00 113.56B 18.50 37.30% 108.61B 47.17 33.45 N/A 3,101,640 5,051,190 6.83 1.03 4 
2013/06/28 00:23:20 37.11 8.06 2.63 22.52 116.22B 18.93 37.30% 108.61B 47.17 33.45 N/A 3,162,920 5,417,060 7.06 1.03 4 
2013/06/28 00:29:04 37.11 8.06 2.63 22.52 116.22B 18.93 37.30% 108.61B 47.17 33.45 N/A 3,162,920 5,417,060 7.06 1.03 4 
2013/07/18 22:34:51 36.15 8.16 2.73 21.94 113.22B 19.44 37.30% 113.46B 47.17 33.45 N/A 3,286,840 2,147,480 7.14 1.03 3 
2013/07/20 12:41:58 35.76 8.04 2.66 21.70 112.00B 19.02 37.30% 113.46B 47.17 33.45 N/A 3,283,110 2,149,020 7.04 1.03 3 
2013/07/21 22:34:23 35.76 8.04 2.66 21.70 112.00B 19.02 37.30% 111.49B 47.17 33.45 N/A 3,283,110 2,149,020 7.04 1.03 4 
2013/07/23 17:24:58 37.12 8.16 2.73 22.52 116.26B 19.74 37.30% 111.49B 47.17 33.45 N/A 3,273,660 1,909,700 7.15 1.03 4 
2013/07/26 17:32:31 36.34 8.07 2.68 22.05 113.81B 19.43 37.30% 111.49B 47.17 33.45 N/A 3,240,250 1,821,020 7.07 1.03 4 
2013/08/10 18:02:11 37.52 8.36 3.06 22.77 117.51B 20.62 37.30% 119.73B 47.17 33.45 N/A 3,166,810 3,256,120 7.32 1.03 3 
2013/08/11 12:35:43 37.52 8.36 3.06 22.79 117.51B 20.62 35.63% 116.58B 47.17 33.45 N/A 3,166,810 3,256,120 7.32 1.20 4 
2013/08/20 22:53:54 34.70 7.38 2.91 21.08 108.69B 18.86 35.63% 113.76B 47.17 33.45 N/A 3,204,180 2,759,310 6.84 1.20 3 
2013/08/22 20:52:15 34.07 6.98 2.75 20.70 106.72B 18.52 35.63% 113.76B 47.17 33.45 N/A 3,227,010 3,003,620 6.47 1.20 3 
2013/08/23 10:43:49 34.63 7.01 2.87 21.06 108.46B 19.58 35.63% 113.76B 47.17 33.45 N/A 3,227,010 3,003,620 6.50 1.20 3 
2013/08/24 19:47:59 35.07 7.01 2.96 21.31 109.85B 19.81 35.63% 113.76B 47.17 33.45 N/A 3,230,730 3,138,140 6.50 1.20 3 
2013/08/25 23:06:41 35.07 7.01 2.96 21.31 109.85B 19.81 35.63% 108.91B 47.17 33.45 N/A 3,230,730 3,138,140 6.50 1.20 4 
2013/08/27 01:00:23 34.00 7.22 2.96 20.66 106.50B 19.21 35.63% 108.91B 47.17 33.45 N/A 3,234,680 3,320,170 6.69 1.20 3 
2013/08/27 01:18:00 34.00 7.22 2.96 20.66 106.50B 19.21 35.63% 108.91B 47.17 33.45 N/A 3,234,680 3,320,170 6.69 1.20 6.63 N/A 3 
2013/08/30 23:04:52 34.78 7.20 2.92 21.13 108.94B 19.22 35.63% 108.91B 47.17 33.25 N/A 3,233,550 3,297,390 6.67 1.20 3 
2013/09/01 18:59:06 34.78 7.20 2.90 21.13 108.94B 19.22 35.63% 108.60B 47.17 33.25 N/A 3,226,410 2,811,390 6.67 1.20 4 
2013/09/01 22:34:23 34.78 7.20 2.90 21.13 108.94B 19.22 35.63% 108.60B 47.17 33.25 N/A 3,226,410 2,811,390 6.67 1.20 4 
2013/09/03 17:34:29 34.57 7.16 2.90 21.00 108.28B 19.10 35.63% 108.60B 47.17 33.25 N/A 3,226,410 2,811,390 6.63 1.20 3 
2013/09/03 18:00:23 34.57 7.16 2.90 21.00 108.28B 19.10 35.63% 108.60B 47.17 33.25 N/A 3,226,410 2,811,390 6.63 1.20 3 
2013/09/03 19:00:15 34.57 7.16 2.90 21.00 108.28B 19.10 35.63% 108.60B 47.17 33.25 N/A 3,226,410 2,811,390 6.63 1.20 6.61 13.89 31.44% 42.08% 17.68% 5.26 9.90% 10.72B 7.82B 5.16B 1.65 -1.10% 0.77 1.48B 9.37 6.51B 2.71B 0.89 16.23% 36.28 39.62 3.13B N/A N/A 3.93M 1.70 N/A 3.95M 3 
2013/09/04 03:24:21 34.57 7.11 2.90 21.00 108.28B 19.10 35.63% 108.60B 47.17 33.25 N/A 3,183,170 2,721,130 6.59 1.20 6.61 13.89 31.44% 42.08% 17.68% 5.26 9.90% 10.72B 7.82B 5.16B 1.65 -1.10% 0.77 1.48B 9.37 6.51B 2.71B 0.89 16.84% 36.20 39.43 3.13B N/A N/A 3.93M 1.70 N/A 3.95M 3 