
2013/06/11 00:20:58 90.23 1.09 1.36 11.53 30.69B 11.03 10.07% 34.64B 93.05 68.98 93.10% 1,477,020 1,824,430 1.69 0.41 3 
2013/06/12 00:36:31 89.43 1.10 1.36 11.43 30.42B 10.93 10.07% 34.64B 93.05 68.98 93.10% 1,482,100 1,767,400 1.70 0.41 3 

2013/06/13 00:25:19 88.32 1.09 1.35 11.29 30.04B 10.80 10.07% 34.64B 93.05 68.98 93.10% 1,475,630 1,679,140 1.69 0.41 3 
2013/06/14 08:10:44 89.78 1.09 1.36 11.47 30.54B 10.98 10.07% 34.11B 93.05 68.98 93.10% 1,471,330 1,538,100 1.69 0.41 3 
2013/06/17 00:08:56 88.55 1.09 1.34 11.32 30.12B 10.83 10.07% 34.18B 93.05 68.98 93.10% 1,467,050 1,499,770 1.69 0.41 3 
2013/06/18 00:54:07 89.51 1.08 1.34 11.44 30.45B 10.94 10.07% 34.18B 93.05 68.98 93.10% 1,462,720 1,261,470 1.67 0.41 3 
2013/06/18 23:26:10 90.16 1.09 1.34 11.52 30.67B 11.02 10.07% 34.18B 93.05 68.98 93.10% 1,461,800 1,211,800 1.69 0.41 3 
2013/06/20 00:04:30 88.51 1.10 1.36 11.31 30.11B 10.82 10.07% 34.18B 93.05 68.98 93.10% 1,463,530 1,240,150 1.70 0.41 3 
2013/06/21 01:20:36 86.48 1.08 1.34 11.05 29.42B 10.57 10.07% 34.18B 93.05 68.98 93.10% 1,483,720 1,410,770 1.67 0.41 3 
2013/06/24 00:27:42 86.15 1.05 1.31 11.01 29.31B 10.53 10.07% 33.37B 93.05 68.98 92.90% 1,515,580 1,588,000 1.63 0.41 3 
2013/06/25 00:26:14 85.79 1.05 1.31 10.96 29.18B 10.49 10.07% 33.37B 93.05 68.98 92.90% 1,541,430 1,924,070 1.62 0.41 3 
2013/06/26 01:38:23 86.38 1.04 1.31 11.04 29.38B 10.56 10.07% 33.37B 93.05 68.98 92.90% 1,551,550 1,882,640 1.62 0.41 3 
2013/06/27 01:03:32 88.60 1.05 1.31 11.32 30.14B 10.83 10.07% 33.37B 93.05 68.98 92.90% 1,561,120 1,919,090 1.63 0.41 3 
2013/06/28 00:23:21 89.52 1.08 1.34 11.44 30.45B 10.94 10.07% 33.37B 93.05 68.98 92.90% 1,575,340 1,960,640 1.67 0.41 3 
2013/06/28 00:29:05 89.52 1.08 1.34 11.44 30.45B 10.94 10.07% 33.37B 93.05 68.98 92.90% 1,575,340 1,960,640 1.67 0.41 3 
2013/07/18 22:34:52 95.26 1.15 1.44 12.17 32.40B 11.65 10.07% 35.87B 95.26 68.98 92.90% 1,536,890 1,272,660 1.78 0.41 3 
2013/07/20 12:42:09 94.74 1.15 1.45 12.11 32.23B 11.58 10.07% 35.87B 95.26 68.98 92.90% 1,530,000 1,224,420 1.79 0.41 3 
2013/07/21 22:34:26 94.74 1.15 1.45 12.11 32.23B 11.58 10.07% 36.29B 95.26 68.98 92.90% 1,530,000 1,224,420 1.79 0.41 3 
2013/07/23 17:25:00 93.23 1.16 1.46 11.91 31.71B 11.40 10.07% 36.29B 95.60 68.98 92.90% 1,528,230 1,133,450 1.80 0.41 3 
2013/07/26 17:32:32 92.33 1.12 1.36 11.80 31.41B 11.23 10.07% 36.29B 95.60 71.86 92.90% 1,526,580 1,420,010 1.74 0.41 3 
2013/08/10 18:02:14 89.74 1.12 1.21 9.50 30.52B 10.88 12.25% 35.85B 95.60 72.10 92.90% 1,494,960 1,279,400 1.62 0.40 4 
2013/08/11 12:35:44 89.74 1.12 1.21 9.50 30.52B 10.88 12.25% 35.10B 95.60 72.10 92.90% 1,494,960 1,279,400 1.62 0.40 4 
2013/08/20 22:53:57 89.44 1.11 1.21 9.46 30.42B 10.84 12.25% 35.04B 95.60 73.15 92.90% 1,445,460 1,085,860 1.61 0.40 4 
2013/08/22 20:52:17 90.60 1.11 1.21 9.59 30.81B 10.98 12.25% 35.04B 95.60 73.15 92.90% 1,430,130 1,068,280 1.61 0.40 4 
2013/08/23 10:43:52 90.18 1.13 1.64 9.52 30.67B 10.90 12.25% 35.04B 95.60 73.15 92.90% 1,430,130 1,068,280 1.64 0.40 4 
2013/08/24 19:48:01 90.44 1.13 1.64 9.57 30.76B 10.96 12.25% 35.04B 95.60 73.15 92.90% 1,389,810 1,021,310 1.64 0.40 4 
2013/08/25 23:06:43 90.44 1.13 1.64 9.57 30.76B 10.96 12.25% 35.34B 95.60 73.15 92.90% 1,389,810 1,021,310 1.64 0.40 4 
2013/08/27 01:00:24 89.76 1.13 1.64 9.50 30.53B 10.88 12.25% 35.34B 95.60 73.15 92.90% 1,381,400 875,117 1.63 0.40 4 
2013/08/27 01:18:01 89.76 1.13 1.64 9.50 30.53B 10.88 12.25% 35.34B 95.60 73.15 92.90% 1,381,400 875,117 1.63 0.40 1.88 N/A 4 
2013/08/30 23:04:53 87.72 1.10 1.60 9.28 29.84B 10.63 12.25% 35.34B 95.60 73.61 92.90% 1,368,660 1,038,610 1.59 0.40 4 
2013/09/01 18:59:08 87.72 1.10 1.59 9.28 29.84B 10.63 12.25% 34.60B 95.60 73.61 92.90% 1,356,970 1,008,940 1.59 0.40 4 
2013/09/01 22:34:25 87.72 1.10 1.59 9.28 29.84B 10.63 12.25% 34.60B 95.60 73.61 92.90% 1,356,970 1,008,940 1.59 0.40 4 
2013/09/03 17:34:30 88.28 1.09 1.59 9.34 30.03B 10.70 12.25% 34.60B 95.60 73.61 92.90% 1,356,970 1,008,940 1.58 0.40 4 
2013/09/03 18:00:24 88.28 1.09 1.59 9.34 30.03B 10.70 12.25% 34.60B 95.60 73.61 92.90% 1,356,970 1,008,940 1.58 0.40 4 
2013/09/03 19:00:17 88.28 1.09 1.59 9.34 30.03B 10.70 12.25% 34.60B 95.60 73.61 92.90% 1,356,970 1,008,940 1.58 0.40 1.84 9.38 17.26% 19.24% 2.46% 55.26 20.00% 5.32B 3.69B 3.25B 9.45 171.60% 9.13 7.68B 28.14 4.42B 3.96B 0.94 16.23% 91.05 89.49 340.12M 336.63M 0.51% 3.63M 2.80 1.10% 3.04M 4 
2013/09/04 03:24:23 88.28 1.10 1.59 9.34 30.03B 10.70 12.25% 34.60B 95.60 74.17 92.90% 1,340,790 1,141,130 1.59 0.40 1.84 9.38 17.26% 19.24% 2.46% 55.26 20.00% 5.32B 3.69B 3.25B 9.45 171.60% 9.13 7.68B 28.14 4.42B 3.96B 0.94 16.84% 90.89 89.54 340.12M 336.63M 0.51% 3.63M 2.80 1.10% 3.04M 4 