
2013/06/11 00:21:00 81.55 9.64 1.63 19.01 53.01B 17.46 61.32% 46.95B 84.22 55.34 82.10% 2,847,150 2,593,050 1.86 1.63 4 
2013/06/12 00:36:34 80.41 9.72 1.64 18.75 52.27B 17.22 61.32% 46.95B 84.22 55.34 82.10% 2,850,570 2,504,190 1.88 1.63 4 

2013/06/13 00:25:21 79.71 9.58 1.62 18.58 51.82B 17.07 61.32% 46.95B 84.22 55.34 82.10% 2,847,720 2,373,990 1.85 1.63 4 
2013/06/14 08:10:46 81.08 9.66 1.63 18.90 52.71B 17.36 61.32% 46.18B 84.22 55.34 82.10% 2,853,350 2,390,440 1.86 1.63 4 
2013/06/17 00:08:58 80.55 9.66 1.62 18.78 52.36B 17.25 61.32% 46.73B 84.22 55.34 82.10% 2,830,490 2,276,770 1.86 1.63 4 
2013/06/18 00:54:09 82.45 9.60 1.62 19.22 53.60B 17.66 61.32% 46.73B 84.22 55.34 82.10% 2,786,980 1,925,420 1.85 1.63 4 
2013/06/18 23:26:13 82.93 9.83 1.62 19.34 53.91B 17.76 61.32% 46.73B 84.22 55.34 82.10% 2,775,800 1,916,440 1.90 1.63 4 
2013/06/20 00:04:32 81.83 9.88 1.67 19.08 53.20B 17.52 61.32% 46.73B 84.22 55.34 82.10% 2,761,340 1,911,440 1.91 1.63 4 
2013/06/21 01:20:39 79.52 9.75 1.67 18.54 51.69B 17.03 61.32% 46.73B 84.22 55.34 82.10% 2,763,260 2,019,710 1.88 1.63 4 
2013/06/24 00:27:46 79.40 9.48 1.60 18.51 51.62B 17.00 61.32% 45.98B 84.22 55.34 82.30% 2,778,500 2,329,210 1.83 1.63 4 
2013/06/25 00:26:16 79.16 9.46 1.60 18.46 51.46B 16.95 61.32% 45.98B 84.22 55.34 82.30% 2,766,140 2,694,950 1.83 1.63 4 
2013/06/26 01:38:26 79.66 9.43 1.59 18.57 51.79B 16.95 61.32% 45.98B 84.22 55.34 82.30% 2,758,330 2,723,970 1.82 1.63 4 
2013/06/27 01:03:34 79.56 9.49 1.60 18.55 51.72B 17.04 61.32% 45.98B 84.22 55.34 82.30% 2,774,350 2,766,660 1.83 1.63 4 
2013/06/28 00:23:23 80.22 9.48 1.60 18.70 52.15B 17.18 61.32% 45.98B 84.22 56.23 82.30% 2,799,520 2,969,040 1.83 1.63 4 
2013/06/28 00:29:08 80.22 9.48 1.60 18.70 52.15B 17.18 61.32% 45.98B 84.22 56.23 82.30% 2,799,520 2,969,040 1.83 1.63 4 
2013/07/18 22:34:55 75.44 9.12 1.63 16.90 48.65B 16.76 66.61% 42.76B 84.22 56.80 82.30% 3,413,020 3,424,690 1.71 1.58 4 
2013/07/20 12:42:48 75.22 9.15 1.64 16.85 48.51B 16.72 66.61% 42.76B 84.22 56.80 82.30% 3,389,350 3,394,940 1.72 1.58 4 
2013/07/21 22:34:30 75.22 9.15 1.64 16.85 48.51B 16.72 66.61% 42.56B 84.22 56.80 82.30% 3,389,350 3,394,940 1.72 1.58 4 
2013/07/23 17:25:02 74.25 9.10 1.63 16.63 47.88B 16.50 66.61% 42.56B 84.22 56.80 82.30% 3,395,120 3,117,320 1.71 1.58 4 
2013/07/26 17:32:35 73.12 8.87 1.58 16.38 47.15B 16.25 66.61% 42.56B 84.22 58.69 82.30% 3,357,980 3,066,860 1.67 1.58 4 
2013/08/10 18:02:18 73.53 8.85 1.73 16.47 47.42B 16.38 66.61% 42.16B 84.22 60.41 82.30% 3,350,110 3,200,510 1.66 1.58 4 
2013/08/11 12:35:46 73.53 8.85 1.73 16.47 47.42B 16.38 66.61% 41.48B 84.22 60.41 82.30% 3,350,110 3,200,510 1.66 1.58 4 
2013/08/20 22:54:02 72.16 8.69 1.68 16.16 46.53B 16.07 66.61% 40.26B 84.22 60.41 82.30% 3,453,480 3,331,360 1.63 1.58 4 
2013/08/22 20:52:19 74.10 8.83 1.68 16.60 47.78B 16.50 66.61% 40.26B 84.22 60.41 82.30% 3,472,850 3,422,780 1.66 1.58 4 
2013/08/23 10:43:55 74.09 8.99 1.68 16.54 47.78B 16.45 66.61% 40.26B 84.22 60.41 82.30% 3,472,850 3,422,780 1.69 1.58 4 
2013/08/24 19:48:03 74.01 8.99 1.74 16.58 47.73B 16.48 66.61% 40.26B 84.22 60.50 82.30% 3,474,040 3,431,150 1.69 1.58 4 
2013/08/25 23:06:45 74.01 8.99 1.74 16.58 47.73B 16.48 66.61% 41.78B 84.22 60.50 82.30% 3,474,040 3,431,150 1.69 1.58 4 
2013/08/27 01:00:26 73.73 8.98 1.74 16.51 47.54B 16.42 66.61% 41.78B 84.22 60.50 82.30% 3,470,960 3,011,680 1.69 1.58 4 
2013/08/27 01:18:03 73.73 8.98 1.72 16.51 47.54B 16.42 66.61% 42.16B 84.22 60.50 82.30% 3,470,960 3,011,680 1.69 1.58 1.49 N/A 4 
2013/08/30 23:04:56 72.25 8.82 1.71 16.18 46.59B 16.09 66.61% 41.78B 84.22 60.50 82.30% 3,460,990 2,984,740 1.66 1.58 4 
2013/09/01 18:59:10 72.25 8.82 1.70 16.18 46.59B 16.09 66.61% 40.95B 84.22 60.69 82.30% 3,462,900 2,527,300 1.66 1.58 4 
2013/09/01 22:34:27 72.25 8.82 1.70 16.18 46.59B 16.09 66.61% 40.95B 84.22 60.69 82.30% 3,462,900 2,527,300 1.66 1.58 4 
2013/09/03 17:34:34 73.08 8.77 1.70 16.37 47.13B 16.28 66.61% 40.95B 84.22 60.69 82.30% 3,462,900 2,527,300 1.65 1.58 4 
2013/09/03 18:00:27 73.08 8.77 1.70 16.37 47.13B 16.28 66.61% 40.95B 84.22 60.69 82.30% 3,462,900 2,527,300 1.65 1.58 4 
2013/09/03 19:00:19 73.08 8.77 1.70 16.37 47.13B 16.28 66.61% 40.95B 84.22 60.69 82.30% 3,462,900 2,527,300 1.65 1.58 1.45 9.38 11.26% 14.21% 15.69% 43.97 0.60% 8.99B 4.37B 3.19B 4.47 17.60% 9.21 0.00 N/A 3.74B 2.80B 1.37 16.23% 73.47 76.71 644.85M 641.04M 0.29% 10.73M 3.40 1.70% 11.08M 4 
2013/09/04 03:24:25 73.08 8.87 1.70 16.37 47.13B 16.28 66.61% 40.95B 84.22 61.03 82.30% 3,481,140 2,428,900 1.66 1.58 1.45 9.38 11.26% 14.21% 15.69% 43.97 0.60% 8.99B 4.37B 3.19B 4.47 17.60% 9.21 0.00 N/A 3.74B 2.80B 1.37 16.84% 73.38 76.75 644.85M 641.04M 0.29% 10.73M 3.40 1.70% 11.08M 4 