
2013/06/11 00:21:03 44.09 3.25 2.88 31.09 22.13B 25.19 11.14% 20.02B 47.17 29.52 92.60% 3,709,960 3,334,980 5.07 3.46 1 
2013/06/12 00:36:37 43.12 3.25 2.92 30.41 21.64B 24.64 11.14% 20.02B 47.17 29.52 92.60% 3,676,440 3,213,860 5.07 3.46 1 
2013/06/13 00:25:25 42.72 3.17 2.92 30.13 21.44B 24.41 11.14% 20.02B 47.17 29.52 92.60% 3,652,560 3,077,690 4.96 3.46 1 
2013/06/14 08:10:49 43.30 3.19 2.86 30.54 21.73B 24.74 11.14% 19.31B 47.17 29.52 92.60% 3,641,740 2,967,390 4.98 3.46 1 
2013/06/17 00:09:02 42.84 3.19 2.83 30.21 21.50B 24.48 11.14% 19.37B 47.17 29.52 92.60% 3,621,410 2,895,470 4.98 3.46 1 
2013/06/18 00:54:13 43.39 3.15 2.83 30.60 21.78B 24.79 11.14% 19.37B 47.17 29.52 92.60% 3,591,900 2,240,850 4.92 3.46 1 
2013/06/18 23:26:17 43.36 3.19 2.83 30.58 21.76B 24.78 11.14% 19.37B 47.17 29.52 92.60% 3,624,460 2,691,430 4.99 3.46 1 
2013/06/20 00:04:35 45.78 3.19 2.87 32.28 22.98B 26.16 11.14% 19.37B 47.17 29.52 92.60% 3,746,920 3,930,620 4.98 3.46 1 
2013/06/21 01:20:43 44.90 3.37 3.03 31.66 22.53B 26.25 11.14% 19.37B 47.17 29.52 92.60% 3,773,720 4,103,740 5.26 3.46 1 
2013/06/24 00:27:49 44.77 3.26 2.96 39.80 22.54B 26.18 8.68% 20.20B 47.17 29.52 91.30% 3,705,420 4,599,360 5.31 3.60 0 
2013/06/25 00:26:19 43.60 3.25 2.96 38.76 21.95B 25.50 8.68% 20.20B 47.17 29.52 91.30% 3,657,290 6,158,830 5.30 3.60 0 
2013/06/26 01:38:29 44.37 3.17 2.88 39.44 22.34B 25.95 8.68% 20.20B 47.17 29.52 91.30% 3,627,130 5,759,900 5.16 3.60 0 
2013/06/27 01:03:37 45.68 3.22 2.93 40.60 22.99B 26.71 8.68% 20.20B 47.17 29.52 91.30% 3,653,730 5,709,460 5.25 3.60 0 
2013/06/28 00:23:27 45.93 3.32 2.78 40.83 23.12B 26.86 8.68% 20.20B 47.17 29.52 91.30% 3,696,510 5,739,390 5.41 3.60 0 
2013/06/28 00:29:10 45.93 3.32 2.78 40.83 23.12B 26.86 8.68% 20.20B 47.17 29.52 91.30% 3,696,510 5,739,390 5.41 3.60 0 
2013/07/18 22:34:58 48.19 3.49 2.91 42.84 24.20B 28.02 8.68% 21.96B 48.63 29.81 91.30% 3,519,550 2,883,260 5.67 3.60 0 
2013/07/20 12:43:46 48.07 3.50 2.91 42.73 24.14B 27.95 8.68% 21.96B 48.63 29.81 91.30% 3,532,010 2,926,740 5.69 3.60 0 
2013/07/21 22:34:35 48.07 3.50 2.91 42.73 24.14B 27.95 8.68% 21.80B 48.63 29.81 91.30% 3,532,010 2,926,740 5.69 3.60 0 
2013/07/23 17:25:05 48.07 3.51 2.92 42.73 24.14B 27.95 8.68% 21.80B 48.63 29.81 91.30% 3,515,960 2,486,700 5.70 3.60 0 
2013/07/26 17:32:39 47.64 3.47 2.89 42.35 23.93B 27.70 8.68% 21.80B 48.63 30.25 91.30% 3,513,410 2,394,520 5.64 3.60 0 
2013/08/10 18:02:22 47.18 3.45 2.77 41.94 23.70B 27.43 8.68% 21.49B 48.63 31.00 91.30% 3,249,910 2,768,660 5.61 3.60 0 
2013/08/11 12:35:50 47.18 3.45 2.77 41.94 23.70B 27.43 8.68% 21.36B 48.63 31.00 91.30% 3,249,910 2,768,660 5.61 3.60 0 
2013/08/20 22:54:05 45.07 3.26 2.65 40.06 22.64B 26.20 8.68% 20.46B 48.63 31.00 91.30% 3,135,070 2,247,000 5.30 3.60 0 
2013/08/22 20:52:23 45.68 3.28 2.66 40.60 22.94B 26.56 8.68% 20.46B 48.63 31.00 91.30% 3,123,560 2,216,010 5.33 3.60 0 
2013/08/23 10:43:59 45.49 3.32 2.66 40.52 22.85B 26.51 8.68% 20.46B 48.63 31.00 91.30% 3,125,080 2,267,020 5.40 3.60 0 
2013/08/24 19:48:07 45.77 3.32 2.80 40.68 22.99B 26.61 8.68% 21.49B 48.63 31.00 91.30% 3,110,160 2,320,050 5.40 3.60 0 
2013/08/25 23:06:49 45.77 3.32 2.70 40.68 22.99B 26.61 8.68% 20.65B 48.63 31.00 91.30% 3,110,160 2,320,050 5.40 3.60 0 
2013/08/27 01:00:28 46.06 3.32 2.70 40.94 23.13B 26.78 8.68% 20.65B 48.63 31.00 91.30% 3,092,200 2,269,370 5.41 3.60 0 
2013/08/27 01:18:05 46.06 3.32 2.70 40.94 23.13B 26.78 8.68% 20.65B 48.63 31.00 91.30% 3,092,200 2,269,370 5.41 3.60 4.86 N/A 0 
2013/08/30 23:04:58 45.75 3.34 2.71 40.67 22.98B 26.75 8.68% 20.65B 48.63 31.00 91.30% 3,045,570 2,178,550 5.42 3.60 0 
2013/09/01 18:59:13 45.75 3.34 2.71 40.67 22.98B 26.75 8.68% 20.73B 48.63 31.01 91.30% 3,035,700 2,130,070 5.42 3.60 0 
2013/09/01 22:34:30 45.75 3.34 2.71 40.67 22.98B 26.75 8.68% 20.73B 48.63 31.01 91.30% 3,035,700 2,130,070 5.42 3.60 0 
2013/09/03 17:34:41 45.88 3.32 2.70 40.78 23.04B 26.83 8.68% 20.73B 48.63 31.01 91.30% 3,035,700 2,130,070 5.40 3.60 0 
2013/09/03 18:00:30 45.88 3.32 2.70 40.78 23.04B 26.83 8.68% 20.73B 48.63 31.01 91.30% 3,035,700 2,130,070 5.40 3.60 0 
2013/09/03 19:00:22 45.88 3.32 2.70 40.78 23.04B 26.83 8.68% 20.73B 48.63 31.01 91.30% 3,035,700 2,130,070 5.40 3.60 4.88 18.29 13.30% 19.35% 5.23% 8.54 -10.10% 3.92B 1.13B 565.35M 1.13 -65.80% 7.70 1.53B 22.02 1.36B 924.30M 1.14 16.23% 46.89 44.32 502.26M 468.97M 0.38% 4.21M 1.70 0.90% 4.57M 0 
2013/09/04 03:24:28 45.88 3.33 2.70 40.78 23.04B 26.83 8.68% 20.73B 48.63 31.26 91.30% 3,021,180 2,125,920 5.42 3.60 4.88 18.29 13.30% 19.35% 5.23% 8.54 -10.10% 3.92B 1.13B 565.35M 1.13 -65.80% 7.70 1.53B 22.02 1.36B 924.30M 1.14 16.84% 46.82 44.45 502.26M 468.97M 0.38% 4.21M 1.70 0.90% 4.57M 0 