
2013/06/11 00:21:04 45.95 3.19 2.00 22.01 14.16B 17.95 15.38% 10.83B 47.27 35.61 87.80% 2,350,150 2,195,400 5.35 9.75 2 
2013/06/12 00:36:38 45.02 3.17 2.00 21.56 13.87B 17.59 15.38% 10.83B 47.27 35.61 87.80% 2,343,420 2,067,600 5.32 9.75 2 
2013/06/13 00:25:26 44.15 3.11 2.00 21.14 13.61B 17.25 15.38% 10.83B 47.27 35.61 87.80% 2,346,630 2,080,710 5.22 9.75 2 
2013/06/14 08:10:50 45.10 3.12 1.99 21.60 13.90B 17.62 15.38% 10.19B 47.27 35.61 87.80% 2,341,360 1,897,710 5.23 9.75 2 
2013/06/17 00:09:03 44.95 3.12 1.98 21.53 13.85B 17.56 15.38% 10.44B 47.27 35.61 87.80% 2,333,710 1,793,960 5.23 9.75 2 
2013/06/18 00:54:14 45.95 3.11 1.98 22.01 14.16B 17.95 15.38% 10.44B 47.27 35.61 87.80% 2,300,330 1,796,200 5.21 9.75 2 
2013/06/18 23:26:18 46.66 3.17 1.98 22.35 14.38B 18.23 15.38% 10.44B 47.27 35.61 87.80% 2,299,030 1,860,190 5.32 9.75 2 
2013/06/20 00:04:35 46.04 3.22 2.06 22.05 14.19B 17.98 15.38% 10.44B 47.27 35.61 87.80% 2,297,550 1,838,060 5.41 9.75 2 
2013/06/21 01:20:43 44.67 3.18 2.06 21.39 13.77B 17.45 15.38% 10.44B 47.27 35.61 87.80% 2,301,240 1,868,420 5.34 9.75 2 
2013/06/24 00:27:50 45.16 3.09 1.97 21.63 13.92B 17.64 15.38% 10.50B 47.27 35.61 88.10% 2,335,530 2,185,820 5.18 9.75 2 
2013/06/25 00:26:20 44.03 3.12 1.97 21.09 13.57B 17.20 15.38% 10.50B 47.27 35.61 88.10% 2,342,160 2,478,250 5.23 9.75 2 
2013/06/26 01:38:31 44.52 3.04 1.97 21.32 13.72B 17.39 15.38% 10.50B 47.27 35.61 88.10% 2,349,700 2,464,570 5.10 9.75 2 
2013/06/27 01:03:38 45.07 3.08 1.96 21.59 13.89B 17.61 15.38% 10.50B 47.27 35.61 88.10% 2,351,290 2,372,160 5.16 9.75 2 
2013/06/28 00:23:28 45.37 3.11 1.96 21.73 13.98B 17.72 15.38% 10.50B 47.27 35.61 88.10% 2,353,740 2,255,810 5.22 9.75 2 
2013/07/18 22:34:59 48.34 3.36 2.13 23.15 14.90B 18.88 15.38% 11.48B 48.93 36.36 88.10% 2,151,540 1,785,650 5.64 9.75 2 
2013/07/20 12:43:52 47.98 3.34 2.13 22.98 14.79B 18.74 15.38% 11.48B 48.93 36.36 88.10% 2,151,970 2,119,260 5.60 9.75 2 
2013/07/21 22:34:36 47.98 3.34 2.13 22.98 14.79B 18.74 15.38% 11.37B 48.93 36.36 88.10% 2,151,970 2,119,260 5.60 9.75 2 
2013/07/23 17:25:05 48.38 3.31 2.11 23.17 14.91B 18.90 15.38% 11.37B 48.93 36.38 88.10% 2,152,320 2,139,550 5.56 9.75 2 
2013/07/26 17:32:40 48.56 3.37 2.15 23.26 14.96B 18.97 15.38% 11.37B 48.93 37.82 88.10% 2,089,870 2,329,000 5.65 9.75 1 
2013/08/10 18:02:24 49.00 3.39 2.16 23.47 15.10B 19.14 15.38% 11.95B 50.00 37.82 88.10% 1,938,310 1,309,490 5.69 9.75 1 
2013/08/11 12:35:50 49.00 3.39 2.16 23.47 15.10B 19.14 15.38% 11.68B 50.00 37.82 88.10% 1,938,310 1,309,490 5.69 9.75 1 
2013/08/20 22:54:06 47.85 3.30 2.12 22.92 14.75B 18.69 15.38% 11.47B 50.00 37.82 88.10% 1,908,850 1,389,860 5.54 9.75 2 
2013/08/22 20:52:24 47.24 3.24 2.20 22.62 14.56B 18.45 15.38% 11.95B 50.00 37.82 88.10% 1,921,100 1,658,380 5.44 9.75 2 
2013/08/23 10:44:00 47.30 3.26 2.03 22.65 14.58B 18.55 15.38% 11.47B 50.00 37.82 88.10% 1,887,280 1,693,920 5.47 9.75 2 
2013/08/24 19:48:07 47.33 3.26 2.20 22.67 14.59B 18.49 15.38% 11.95B 50.00 37.82 88.10% 1,877,010 1,790,110 5.47 9.75 2 
2013/08/25 23:06:50 47.33 3.16 2.03 22.55 14.71B 18.56 15.02% 11.13B 50.00 37.82 88.10% 1,877,010 1,790,110 5.54 10.66 2 
2013/08/27 01:00:29 47.22 3.17 2.03 22.50 14.67B 18.52 15.02% 11.13B 50.00 37.82 88.10% 1,879,970 1,998,280 5.55 10.66 2 
2013/08/27 01:18:06 47.22 3.17 2.03 22.50 14.67B 18.52 15.02% 11.13B 50.00 37.82 88.10% 1,879,970 1,998,280 5.55 10.66 4.20 N/A 2 
2013/08/30 23:04:59 46.28 3.11 1.99 22.05 14.38B 18.22 15.02% 11.13B 50.00 37.82 88.10% 1,882,530 2,005,190 5.45 10.66 2 
2013/09/01 18:59:13 46.28 3.11 1.99 22.05 14.38B 18.22 15.02% 10.87B 50.00 37.82 88.10% 1,829,810 1,517,430 5.45 10.66 2 
2013/09/01 22:34:31 46.28 3.11 1.99 22.05 14.38B 18.22 15.02% 10.87B 50.00 37.82 88.10% 1,829,810 1,517,430 5.45 10.66 2 
2013/09/03 17:34:43 46.66 3.10 1.98 22.23 14.50B 18.37 15.02% 10.87B 50.00 37.82 88.10% 1,829,810 1,517,430 5.42 10.66 2 
2013/09/03 18:00:31 46.66 3.10 1.98 22.23 14.50B 18.37 15.02% 10.87B 50.00 37.82 88.10% 1,829,810 1,517,430 5.42 10.66 2 
2013/09/03 19:00:23 46.66 3.10 1.98 22.23 14.50B 18.37 15.02% 10.87B 50.00 37.82 88.10% 1,829,810 1,517,430 5.42 10.66 4.10 12.16 24.57% 29.53% 8.44% 8.69 -1.30% 1.74B 893.19M 651.12M 2.10 3.80% 14.32 872.10M 18.78 866.23M 528.69M 1.23 16.23% 48.29 46.08 310.69M 307.53M 0.99% 5.09M 3.10 1.70% 4.74M 2 
2013/09/04 03:24:29 46.66 3.12 1.98 22.23 14.50B 18.37 15.02% 10.87B 50.00 37.82 88.10% 1,811,330 1,584,380 5.47 10.66 4.10 12.16 24.57% 29.53% 8.44% 8.69 -1.30% 1.74B 893.19M 651.12M 2.10 3.80% 14.32 872.10M 18.78 866.23M 528.69M 1.23 16.84% 48.24 46.08 310.69M 307.53M 0.99% 5.09M 3.10 1.70% 4.74M 2 