
2013/06/11 00:21:05 68.78 5.10 2.60 23.39 33.37B 21.63 21.54% 31.77B 72.00 53.05 77.40% 1,807,100 1,849,450 2.99 1.07 2 
2013/06/12 00:36:39 68.11 5.09 2.60 23.17 33.05B 21.42 21.54% 31.77B 72.00 53.19 77.40% 1,803,920 1,813,100 2.99 1.07 3 
2013/06/13 00:25:26 67.33 5.00 2.61 22.90 32.67B 21.17 21.54% 31.77B 72.00 53.45 77.40% 1,795,930 1,767,140 2.94 1.07 3 
2013/06/14 08:10:51 68.28 5.05 2.61 23.22 33.13B 21.47 21.54% 31.01B 72.00 53.55 77.40% 1,797,830 1,690,320 2.97 1.07 3 
2013/06/17 00:09:04 68.01 5.05 2.60 23.13 33.00B 21.39 21.54% 31.33B 72.00 53.55 77.40% 1,780,970 1,646,110 2.97 1.07 3 
2013/06/18 00:54:15 68.70 5.03 2.60 23.37 33.33B 21.60 21.54% 31.33B 72.00 53.55 77.40% 1,751,830 1,474,230 2.95 1.07 2 
2013/06/18 23:26:19 69.60 5.08 2.60 23.67 33.77B 21.89 21.54% 31.33B 72.00 53.55 77.40% 1,746,210 1,446,510 2.98 1.07 2 
2013/06/20 00:04:36 69.04 5.15 2.60 23.48 33.50B 21.71 21.54% 31.33B 72.00 53.55 77.40% 1,751,380 1,503,740 3.02 1.07 2 
2013/06/21 01:20:44 68.20 5.10 2.64 23.20 33.09B 21.45 21.54% 31.33B 72.00 53.55 77.40% 1,764,660 1,672,940 3.00 1.07 3 
2013/06/24 00:27:51 68.68 5.04 2.63 23.36 33.33B 21.60 21.54% 31.66B 72.00 53.55 79.40% 1,779,930 1,873,220 2.96 1.07 2 
2013/06/25 00:26:21 68.38 5.08 2.63 23.26 33.18B 21.50 21.54% 31.66B 72.00 53.55 79.40% 1,783,280 2,063,780 2.98 1.07 2 
2013/06/26 01:38:31 68.84 5.06 2.63 23.41 33.40B 21.65 21.54% 31.66B 72.00 53.56 79.40% 1,777,100 1,957,060 2.97 1.07 2 
2013/06/27 01:03:38 69.35 5.09 2.63 23.59 33.65B 21.81 21.54% 31.66B 72.00 53.56 79.40% 1,773,820 1,926,110 2.99 1.07 2 
2013/06/28 00:23:28 69.37 5.13 2.63 23.60 33.66B 21.81 21.54% 31.66B 72.00 54.02 79.40% 1,771,770 1,886,620 3.01 1.07 2 
2013/07/18 22:35:00 72.82 5.35 2.57 24.77 35.33B 22.90 21.54% 33.96B 73.44 54.02 79.40% 1,824,200 1,849,240 3.14 1.07 2 
2013/07/20 12:43:58 72.88 5.38 2.59 24.79 35.36B 22.92 21.54% 33.96B 73.44 54.02 79.40% 1,826,110 1,946,650 3.16 1.07 2 
2013/07/21 22:34:39 72.88 5.38 2.59 24.79 35.36B 22.92 21.54% 33.70B 73.44 54.02 79.40% 1,826,110 1,946,650 3.16 1.07 2 
2013/07/23 17:25:06 72.49 5.41 2.60 24.66 35.17B 22.80 21.54% 33.70B 73.83 54.02 79.40% 1,829,610 1,737,570 3.18 1.07 2 
2013/07/26 17:32:41 72.48 5.34 2.56 24.65 35.17B 22.79 21.54% 33.70B 73.83 54.02 79.40% 1,838,960 1,595,810 3.13 1.07 2 
2013/08/10 18:02:25 72.46 5.64 2.37 25.07 35.00B 20.76 22.17% 32.86B 73.83 54.02 79.40% 1,815,890 1,798,020 3.09 1.06 2 
2013/08/11 12:35:51 72.46 5.64 2.37 25.11 35.00B 20.76 22.17% 33.50B 73.83 54.02 79.40% 1,815,890 1,798,020 3.09 1.06 2 
2013/08/20 22:54:07 72.34 5.60 2.34 25.07 34.90B 20.73 22.17% 33.22B 73.83 54.02 79.40% 1,775,180 1,586,400 3.07 1.06 2 
2013/08/22 20:52:25 72.44 5.60 2.34 25.10 34.95B 20.76 22.17% 33.22B 73.83 54.02 79.40% 1,754,590 1,500,070 3.06 1.06 2 
2013/08/23 10:44:01 72.16 5.65 2.37 24.98 34.82B 20.65 22.17% 33.22B 73.83 54.02 79.40% 1,738,450 1,528,150 3.09 1.06 2 
2013/08/24 19:48:08 72.28 5.65 2.37 25.05 34.88B 20.71 22.17% 33.22B 73.83 54.02 79.40% 1,728,770 1,381,060 3.09 1.06 2 
2013/08/25 23:06:51 72.28 5.65 2.37 25.05 34.90B 20.71 22.17% 33.43B 73.83 54.02 79.40% 1,728,770 1,381,060 3.09 1.06 2 
2013/08/27 01:00:29 72.03 5.64 2.37 24.96 34.78B 20.64 22.17% 33.43B 73.83 54.02 79.40% 1,721,160 1,232,380 3.09 1.06 2 
2013/08/27 01:18:07 72.03 5.64 2.37 24.96 34.78B 20.64 22.17% 33.43B 73.83 54.02 79.40% 1,721,160 1,232,380 3.09 1.06 2.96 N/A 2 
2013/08/30 23:05:00 71.16 5.56 2.33 24.66 34.36B 20.39 22.17% 33.43B 73.83 54.02 79.40% 1,719,800 1,289,600 3.04 1.06 2 
2013/09/01 18:59:14 71.16 5.56 2.33 24.66 34.36B 20.39 22.17% 32.96B 73.83 54.02 79.40% 1,693,370 1,338,830 3.04 1.06 2 
2013/09/01 22:34:31 71.16 5.56 2.33 24.66 34.36B 20.39 22.17% 32.96B 73.83 54.02 79.40% 1,693,370 1,338,830 3.04 1.06 2 
2013/09/03 17:34:45 71.41 5.55 2.33 24.74 34.48B 20.46 22.17% 32.96B 73.83 54.02 79.40% 1,693,370 1,338,830 3.04 1.06 2 
2013/09/03 18:00:32 71.41 5.55 2.33 24.74 34.48B 20.46 22.17% 32.96B 73.83 54.02 79.40% 1,693,370 1,338,830 3.04 1.06 2 
2013/09/03 19:00:24 71.41 5.55 2.33 24.74 34.48B 20.46 22.17% 32.96B 73.83 54.02 79.40% 1,693,370 1,338,830 3.04 1.06 2.91 13.98 12.43% 18.04% 4.04% 23.43 7.10% 4.66B 2.36B 1.36B 2.89 -12.20% 3.58 260.60M 4.21 1.58B 1.85B 0.87 16.23% 72.13 68.06 482.82M 481.19M 0.18% 3.41M 2.10 0.70% 3.84M 2 
2013/09/04 03:24:29 71.41 5.57 2.34 24.74 34.48B 20.46 22.17% 32.96B 73.83 54.02 79.40% 1,687,970 1,510,020 3.05 1.06 2.91 13.98 12.43% 18.04% 4.04% 23.43 7.10% 4.66B 2.36B 1.36B 2.89 -12.20% 3.58 260.60M 4.21 1.58B 1.85B 0.87 16.84% 72.11 68.25 482.82M 481.19M 0.18% 3.41M 2.10 0.70% 3.84M 2 