
2013/06/11 00:21:06 35.97 3.95 1.40 37.12 8.09B 15.78 10.85% 6.90B 41.42 27.70 91.80% 2,655,500 2,403,520 3.59 2.56 2 
2013/06/12 00:36:39 35.33 3.88 1.40 36.46 7.94B 15.50 10.85% 6.90B 41.42 27.70 91.80% 2,680,750 2,474,170 3.52 2.56 2 
2013/06/13 00:25:27 34.93 3.81 1.40 36.05 7.85B 15.32 10.85% 6.90B 41.42 27.70 91.80% 2,692,460 2,595,100 3.46 2.56 2 
2013/06/14 08:10:51 35.88 3.87 1.37 37.03 8.07B 15.74 10.85% 6.51B 41.42 27.70 91.80% 2,738,260 2,829,300 3.52 2.56 2 
2013/06/17 00:09:05 35.09 3.87 1.34 36.21 7.89B 15.39 10.85% 6.55B 41.42 27.70 91.80% 2,732,150 2,775,040 3.52 2.56 2 
2013/06/18 00:54:16 35.43 3.78 1.34 36.56 7.96B 15.54 10.85% 6.55B 41.42 27.70 91.80% 2,743,480 2,949,680 3.44 2.56 2 
2013/06/18 23:26:20 35.13 3.82 1.34 36.25 7.90B 15.41 10.85% 6.55B 41.42 27.70 91.80% 2,745,040 2,797,910 3.47 2.56 2 
2013/06/20 00:04:37 35.51 3.79 1.34 36.64 7.98B 15.57 10.85% 6.55B 41.42 27.70 91.80% 2,749,690 2,869,080 3.44 2.56 2 
2013/06/21 01:20:45 34.56 3.83 1.34 35.67 7.77B 15.16 10.85% 6.55B 41.42 27.70 91.80% 2,751,190 2,866,660 3.48 2.56 2 
2013/06/24 00:27:52 34.21 3.73 1.32 35.30 7.69B 15.00 10.85% 6.35B 41.42 27.70 90.00% 2,774,750 3,077,600 3.39 2.56 2 
2013/06/25 00:26:22 33.48 3.69 1.32 34.55 7.53B 14.68 10.85% 6.35B 41.42 27.70 90.00% 2,793,930 2,949,120 3.35 2.56 2 
2013/06/26 01:38:32 34.04 3.61 1.32 35.13 7.65B 14.93 10.85% 6.35B 41.42 27.70 90.00% 2,802,480 2,925,810 3.28 2.56 2 
2013/06/27 01:03:39 34.64 3.67 1.30 35.75 7.79B 15.19 10.85% 6.35B 41.42 27.70 90.00% 2,799,020 2,882,340 3.34 2.56 2 
2013/06/28 00:23:29 34.92 3.74 1.30 36.04 7.85B 15.32 10.85% 6.35B 41.42 27.70 90.00% 2,823,670 2,845,820 3.39 2.56 2 
2013/07/18 22:35:01 36.87 3.93 1.39 38.05 8.29B 16.24 10.85% 6.75B 41.42 27.70 90.00% 2,797,710 2,071,760 3.57 2.56 2 
2013/07/20 12:44:03 36.49 3.98 1.42 37.66 8.20B 16.08 10.85% 6.75B 41.42 27.70 90.00% 2,809,190 2,142,850 3.61 2.56 2 
2013/07/21 22:34:40 36.49 3.98 1.42 37.66 8.20B 16.08 10.85% 6.86B 41.42 27.70 90.00% 2,809,190 2,142,850 3.61 2.56 2 
2013/07/23 17:25:07 36.48 3.93 1.40 37.65 8.20B 16.07 10.85% 6.86B 41.42 27.70 90.00% 2,813,600 1,925,330 3.57 2.56 2 
2013/07/26 17:32:42 36.51 3.96 1.41 37.68 8.21B 16.08 10.85% 6.86B 41.42 27.70 90.00% 2,780,840 1,904,410 3.60 2.56 2 
2013/08/10 18:02:26 35.85 3.84 1.38 37.00 8.06B 15.86 10.85% 6.53B 41.42 27.70 90.00% 2,878,470 3,466,650 3.49 2.56 2 
2013/08/11 12:35:52 35.85 3.84 1.38 37.00 8.06B 15.86 10.85% 6.72B 41.42 27.70 90.00% 2,878,470 3,466,650 3.49 2.56 2 
2013/08/20 22:54:07 35.69 3.82 1.39 36.83 8.02B 15.79 10.85% 6.74B 41.42 27.70 90.00% 2,566,080 2,149,540 3.47 2.56 2 
2013/08/22 20:52:27 36.13 3.84 1.39 37.29 8.12B 16.06 10.85% 6.74B 41.42 27.70 90.00% 2,552,660 2,224,330 3.49 2.56 2 
2013/08/23 10:44:01 40.17 3.90 1.41 41.64 9.03B 17.93 10.85% 6.74B 41.42 27.70 90.00% 2,552,660 2,224,330 3.54 2.56 2 
2013/08/24 19:48:09 38.91 3.90 1.64 40.15 8.75B 19.45 10.85% 6.74B 41.72 29.57 90.00% 2,746,640 4,088,180 3.54 2.56 2 
2013/08/25 23:06:52 38.91 3.93 1.64 40.57 8.68B 19.45 10.78% 7.43B 41.72 29.57 90.00% 2,746,640 4,088,180 3.52 2.55 2 
2013/08/27 01:00:30 37.89 4.23 1.64 39.51 8.45B 18.94 10.78% 7.43B 41.72 30.19 90.00% 2,807,950 5,333,370 3.80 2.55 2 
2013/08/27 01:18:07 37.89 4.23 1.64 39.51 8.45B 18.94 10.78% 7.43B 41.72 30.19 90.00% 2,807,950 5,333,370 3.80 2.55 3.25 N/A 2 
2013/08/30 23:05:01 36.75 4.03 2.23 38.32 8.20B 18.94 10.78% 7.43B 41.72 30.20 90.00% 2,845,340 5,048,980 3.61 2.55 2 
2013/09/01 18:59:16 36.75 4.03 2.21 38.32 8.20B 18.94 10.78% 6.99B 41.72 30.20 90.00% 2,835,070 5,447,260 3.61 2.55 2 
2013/09/01 22:34:32 36.75 4.03 2.21 38.32 8.20B 18.94 10.78% 6.99B 41.72 30.20 90.00% 2,835,070 5,447,260 3.61 2.55 2 
2013/09/03 17:34:46 37.13 3.99 2.21 38.72 8.26B 19.14 10.78% 6.99B 41.72 30.20 90.00% 2,835,070 5,447,260 3.58 2.55 2 
2013/09/03 18:00:33 37.13 3.99 2.21 38.72 8.26B 19.14 10.78% 6.99B 41.72 30.20 90.00% 2,835,070 5,447,260 3.58 2.55 2 
2013/09/03 19:00:24 37.13 3.99 2.21 38.72 8.26B 19.14 10.78% 6.99B 41.72 30.20 90.00% 2,835,070 5,447,260 3.58 2.55 3.05 15.03 9.67% 14.43% 5.43% 10.20 -1.20% 2.07B 464.80M 221.20M 0.96 -4.50% 8.98 746.00M 36.37 602.10M 505.27M 2.04 16.23% 36.22 37.28 222.50M 221.92M 0.23% 4.64M 2.00 2.00% 4.10M 2 
2013/09/04 03:24:30 37.13 4.03 2.21 38.72 8.26B 19.14 10.78% 6.99B 41.72 30.20 90.00% 2,831,040 3,443,920 3.61 2.55 3.05 15.03 9.67% 14.43% 5.43% 10.20 -1.20% 2.07B 464.80M 221.20M 0.96 -4.50% 8.98 746.00M 36.37 602.10M 505.27M 2.04 16.84% 36.25 37.25 222.50M 221.92M 0.23% 4.64M 2.00 2.00% 4.10M 2 