
2013/06/11 00:21:07 40.01 1.92 2.11 23.01 8.75B 20.11 8.18% 11.61B 50.37 35.38 86.70% 3,092,390 4,066,670 2.70 1.14 1 
2013/06/12 00:36:39 39.92 1.91 2.11 22.96 8.73B 20.06 8.18% 11.61B 50.37 35.38 86.70% 3,124,100 3,953,330 2.69 1.14 1 
2013/06/13 00:25:28 39.15 1.90 2.11 22.51 8.57B 19.67 8.18% 11.61B 50.37 35.38 86.70% 3,146,880 3,855,980 2.68 1.14 1 
2013/06/14 08:10:52 38.77 1.85 2.07 22.29 8.48B 19.48 8.18% 11.37B 50.37 35.38 86.70% 3,248,120 4,394,480 2.61 1.14 1 
2013/06/17 00:09:06 39.41 1.85 2.08 22.66 8.62B 19.90 8.18% 11.43B 50.37 35.38 86.70% 3,297,220 4,440,200 2.61 1.14 1 
2013/06/18 00:54:16 39.62 1.88 2.08 22.78 8.67B 20.01 8.18% 11.43B 50.37 35.38 86.70% 3,336,290 4,598,300 2.65 1.14 1 
2013/06/18 23:26:20 40.77 1.89 2.08 23.44 8.92B 20.59 8.18% 11.43B 50.37 35.38 86.70% 3,362,500 4,322,630 2.66 1.14 0 
2013/06/20 00:04:37 40.55 1.94 2.15 23.32 8.87B 20.48 8.18% 11.43B 50.37 35.38 86.70% 3,393,770 4,167,000 2.74 1.14 0 
2013/06/21 01:20:45 39.42 1.93 2.14 22.67 8.62B 19.91 8.18% 11.43B 50.37 35.38 86.70% 3,435,110 4,110,140 2.72 1.14 1 
2013/06/24 00:27:52 39.37 1.88 2.09 22.64 8.61B 19.88 8.18% 11.42B 50.37 35.38 93.00% 3,453,730 4,176,600 2.65 1.14 1 
2013/06/25 00:26:22 39.14 1.88 2.09 22.51 8.56B 19.77 8.18% 11.42B 50.37 35.38 93.00% 3,464,280 3,330,920 2.65 1.14 1 
2013/06/26 01:38:32 40.03 1.87 2.09 23.02 8.76B 20.22 8.18% 11.42B 50.37 35.38 93.00% 3,485,410 3,231,740 2.63 1.14 1 
2013/06/27 01:03:39 40.95 1.91 2.13 23.55 8.96B 20.68 8.18% 11.42B 50.37 35.38 93.00% 3,507,050 3,181,900 2.69 1.14 0 
2013/06/28 00:23:29 40.35 1.95 2.13 23.20 8.83B 20.38 8.18% 11.42B 50.37 35.38 93.00% 3,521,190 2,989,440 2.75 1.14 1 
2013/07/18 22:35:01 42.49 2.04 2.27 24.43 9.30B 21.35 8.18% 12.22B 50.37 35.38 93.00% 3,157,620 3,406,840 2.87 1.14 0 
2013/07/20 12:44:14 42.17 2.03 2.24 24.25 9.23B 21.19 8.18% 12.22B 50.37 35.38 93.00% 3,163,340 2,425,810 2.86 1.14 0 
2013/07/21 22:34:41 42.17 2.03 2.24 24.25 9.23B 21.19 8.18% 12.03B 50.37 35.38 93.00% 3,163,340 2,425,810 2.86 1.14 0 
2013/07/23 17:25:07 42.32 2.00 2.23 24.34 9.26B 21.27 8.18% 12.03B 50.37 35.38 93.00% 3,171,740 2,065,620 2.82 1.14 0 
2013/07/26 17:32:42 41.16 1.98 2.21 23.67 9.01B 20.68 8.18% 12.03B 50.37 35.38 93.00% 3,189,340 1,558,070 2.80 1.14 0 
2013/08/10 18:02:26 41.20 2.00 2.09 22.54 8.94B 20.40 8.60% 11.77B 50.37 35.38 93.00% 3,137,360 3,833,580 2.72 0.89 1 
2013/08/11 12:35:52 41.20 2.00 2.06 22.54 8.94B 20.50 8.60% 11.77B 50.37 35.38 93.00% 3,137,360 3,833,580 2.72 0.89 1 
2013/08/20 22:54:08 41.25 1.95 2.60 22.57 8.68B 20.12 8.60% 11.60B 50.37 35.38 93.00% 3,042,350 1,991,340 2.63 0.89 1 
2013/08/22 20:52:27 41.51 1.95 2.60 22.71 8.74B 20.25 8.60% 11.60B 50.37 35.38 93.00% 3,049,070 2,101,380 2.63 0.89 1 
2013/08/23 10:44:02 41.29 1.98 2.60 22.53 8.69B 20.09 8.60% 11.60B 50.37 35.38 93.00% 3,023,200 2,028,160 2.67 0.89 1 
2013/08/24 19:48:09 41.25 1.98 2.62 22.57 8.68B 20.12 8.60% 11.60B 50.37 35.38 93.00% 2,998,010 1,949,650 2.67 0.89 1 
2013/08/25 23:06:52 41.25 1.98 2.62 22.57 8.68B 20.12 8.60% 11.64B 50.37 35.38 93.00% 2,998,010 1,949,650 2.67 0.89 1 
2013/08/27 01:00:30 41.26 1.97 2.62 22.57 8.69B 20.13 8.60% 11.64B 50.37 35.38 93.00% 2,982,860 1,723,550 2.65 0.89 1 
2013/08/27 01:18:08 41.26 1.97 2.62 22.57 8.69B 20.13 8.60% 11.64B 50.37 35.38 93.00% 2,982,860 1,723,550 2.65 0.89 3.55 N/A 1 
2013/08/30 23:05:01 39.83 1.94 2.57 21.79 8.38B 19.43 8.60% 11.64B 50.37 35.38 93.00% 2,963,130 1,720,290 2.62 0.89 1 
2013/09/01 18:59:16 39.83 1.94 2.57 21.79 8.38B 19.43 8.60% 11.53B 50.37 35.38 93.00% 2,909,490 1,560,700 2.62 0.89 1 
2013/09/01 22:34:32 39.83 1.94 2.57 21.79 8.38B 19.43 8.60% 11.53B 50.37 35.38 93.00% 2,909,490 1,560,700 2.62 0.89 1 
2013/09/03 17:34:47 39.14 1.90 2.57 21.41 8.24B 19.09 8.60% 11.53B 50.37 35.38 93.00% 2,909,490 1,560,700 2.56 0.89 1 
2013/09/03 18:00:34 39.14 1.90 2.57 21.41 8.24B 19.09 8.60% 11.53B 50.37 35.38 93.00% 2,909,490 1,560,700 2.56 0.89 1 
2013/09/03 19:00:25 39.14 1.90 2.57 21.41 8.24B 19.09 8.60% 11.53B 50.37 35.38 93.00% 2,909,490 1,560,700 2.56 0.89 3.52 8.27 12.79% 23.18% 5.12% 14.44 2.30% 1.85B 1.39B 419.00M 1.83 10.80% 1.29 3.23B 72.45 1.64B 243.25M -1.08 16.23% 41.24 43.35 210.52M 188.02M 0.14% 18.30M 7.20 8.30% 15.97M 1 
2013/09/04 03:24:30 39.14 1.87 2.57 21.41 8.24B 19.09 8.60% 11.53B 50.37 35.38 93.00% 2,911,040 2,065,700 2.52 0.89 3.52 8.27 12.79% 23.18% 5.12% 14.44 2.30% 1.85B 1.39B 419.00M 1.83 10.80% 1.29 3.23B 72.45 1.64B 243.25M -1.08 16.84% 41.11 43.24 210.52M 188.02M 0.14% 18.30M 7.20 8.30% 15.97M 1 