
2013/06/11 00:21:11 31.05 1.55 7.64 20.85 5.35B 18.26 7.63% 5.87B 57.35 27.66 N/A 1,852,400 1,773,380 2.87 3.52 1 
2013/06/12 00:36:45 30.20 1.55 7.63 20.28 5.21B 17.76 7.63% 5.87B 57.35 27.66 N/A 1,860,430 1,714,340 2.87 3.52 1 
2013/06/13 00:25:32 30.80 1.50 7.42 20.69 5.31B 18.12 7.63% 5.87B 57.35 27.66 N/A 1,852,020 1,693,810 2.79 3.52 1 
2013/06/14 08:10:56 31.01 1.54 7.62 20.83 5.35B 18.24 7.63% 5.83B 57.35 27.66 N/A 1,845,930 1,579,610 2.87 3.52 1 
2013/06/17 00:09:10 30.08 1.54 7.39 20.20 5.19B 17.69 7.63% 5.70B 57.35 27.66 N/A 1,849,190 1,548,880 2.87 3.52 1 
2013/06/18 00:54:21 30.56 1.50 7.39 20.52 5.27B 17.98 7.63% 5.70B 57.35 27.66 N/A 1,811,430 1,254,300 2.78 3.52 1 
2013/06/18 23:26:24 29.52 1.52 7.39 19.83 5.09B 17.36 7.63% 5.70B 57.35 27.66 N/A 1,807,350 1,228,370 2.82 3.52 1 
2013/06/20 00:04:41 28.82 1.47 7.25 19.36 4.97B 16.95 7.63% 5.70B 57.35 27.66 N/A 1,820,680 1,364,780 2.73 3.52 1 
2013/06/21 01:20:54 26.47 1.43 7.08 17.78 4.56B 15.57 7.63% 5.70B 57.35 26.02 N/A 1,861,270 1,685,020 2.66 3.52 1 
2013/06/24 00:27:56 26.88 1.32 6.43 18.05 4.63B 16.59 7.63% 5.15B 57.35 25.65 N/A 1,881,000 1,846,640 2.45 3.52 1 
2013/06/25 00:26:26 26.14 1.34 6.43 17.56 4.51B 16.14 7.63% 5.15B 57.35 25.41 N/A 1,902,320 2,119,250 2.48 3.52 1 
2013/06/26 01:38:38 26.26 1.30 6.25 17.64 4.53B 16.21 7.63% 5.15B 57.35 25.41 N/A 1,908,910 2,039,010 2.42 3.52 1 
2013/06/27 01:03:44 25.15 1.31 6.57 16.89 4.34B 15.62 7.63% 5.15B 57.35 25.00 N/A 1,936,780 2,099,510 2.43 3.52 1 
2013/06/28 00:23:34 25.39 1.25 6.47 17.05 4.38B 15.48 7.63% 5.15B 57.35 25.00 N/A 1,961,950 2,303,920 2.32 3.52 1 
2013/07/18 22:35:23 27.08 1.39 8.60 18.19 4.67B 21.16 7.63% 5.41B 57.35 25.00 N/A 1,979,190 1,880,340 2.59 3.52 0 
2013/07/20 12:45:11 28.31 1.35 9.33 19.01 4.88B 25.50 7.63% 5.41B 57.35 25.00 N/A 1,966,280 1,804,640 2.50 3.52 0 
2013/07/21 22:34:49 28.31 1.35 9.33 19.01 4.88B 25.50 7.63% 5.40B 57.35 25.00 N/A 1,966,280 1,804,640 2.50 3.52 0 
2013/07/23 17:25:12 30.18 1.49 9.84 20.27 5.20B 29.30 7.63% 5.40B 57.35 25.00 N/A 1,977,510 1,827,920 2.76 3.52 0 
2013/07/26 17:32:48 28.93 1.40 13.08 19.43 4.99B 43.18 7.63% 5.40B 57.35 25.00 N/A 2,000,060 2,267,350 2.59 3.52 -1 
2013/08/10 18:02:33 27.61 1.39 15.17 25.24 4.76B 34.95 5.64% 5.24B 57.35 25.00 N/A 1,987,920 1,869,220 2.72 2.93 -1 
2013/08/11 12:35:57 27.61 1.39 14.09 25.24 4.76B 34.95 5.64% 5.24B 57.35 25.00 N/A 1,987,920 1,869,220 2.72 2.93 -1 
2013/08/20 22:54:12 32.15 1.56 16.69 29.39 5.55B 39.69 5.64% 6.01B 57.35 25.00 N/A 2,008,450 2,092,530 3.07 2.93 -1 
2013/08/22 20:52:32 31.40 1.56 16.60 28.70 5.42B 38.77 5.64% 6.01B 57.35 25.00 N/A 1,984,410 1,941,450 3.05 2.93 -1 
2013/08/23 10:44:07 32.35 1.59 16.93 29.58 5.58B 39.95 5.64% 6.01B 57.35 25.00 N/A 1,984,410 1,941,450 3.11 2.93 -1 
2013/08/24 19:48:14 32.56 1.59 17.55 29.76 5.62B 40.20 5.64% 6.01B 57.35 25.00 N/A 1,991,390 1,937,110 3.11 2.93 -1 
2013/08/25 23:06:58 32.56 1.59 17.55 29.76 5.63B 40.20 5.64% 6.31B 57.35 25.00 N/A 1,991,390 1,937,110 3.12 2.93 -1 
2013/08/27 01:00:36 32.88 1.65 17.55 30.05 5.69B 40.59 5.64% 6.31B 57.35 25.00 N/A 1,982,740 1,561,050 3.23 2.93 -1 
2013/08/27 01:18:12 32.88 1.65 17.55 30.05 5.69B 40.59 5.64% 6.31B 57.35 25.00 N/A 1,982,740 1,561,050 3.23 2.93 3.62 N/A -1 
2013/08/30 23:05:08 30.05 1.54 16.13 27.47 5.20B 36.65 5.64% 6.31B 57.35 25.00 N/A 1,989,700 1,685,900 3.03 2.93 -1 
2013/09/01 18:59:21 30.05 1.54 15.90 27.47 5.20B 36.65 5.64% 5.95B 57.35 25.00 N/A 1,974,630 1,703,430 3.03 2.93 -1 
2013/09/01 22:34:36 30.05 1.54 15.90 27.47 5.20B 36.65 5.64% 5.95B 57.35 25.00 N/A 1,974,630 1,703,430 3.03 2.93 -1 
2013/09/03 17:34:52 30.25 1.52 15.90 27.65 5.23B 36.89 5.64% 5.95B 57.35 25.00 N/A 1,974,630 1,703,430 2.98 2.93 -1 
2013/09/03 18:00:39 30.25 1.52 15.90 27.65 5.23B 36.89 5.64% 5.95B 57.35 25.00 N/A 1,974,630 1,703,430 2.98 2.93 -1 
2013/09/03 19:00:29 30.25 1.52 15.90 27.65 5.23B 36.89 5.64% 5.95B 57.35 25.00 N/A 1,974,630 1,703,430 2.98 2.93 3.42 9.48 10.83% 19.91% 4.20% 10.13 -26.80% 910.50M 627.97M 188.57M 1.09 N/A 1.05 860.96M 25.20 526.80M -198.73M -0.37 16.23% 29.21 32.71 172.91M 172.27M N/A 2.09M 1.00 1.40% 2.58M -1 
2013/09/04 03:24:36 30.25 1.53 16.01 27.65 5.23B 36.89 5.64% 5.95B 57.35 25.00 N/A 1,967,870 1,785,080 3.00 2.93 3.42 9.48 10.83% 19.91% 4.20% 10.13 -26.80% 910.50M 627.97M 188.57M 1.09 N/A 1.05 860.96M 25.20 526.80M -198.73M -0.37 16.84% 29.27 32.46 172.91M 172.27M N/A 2.09M 1.00 1.40% 2.58M -1 