
2013/06/11 00:21:11 19.58 3.18 1.21 17.74 3.77B 11.87 18.53% 3.34B 23.94 18.02 81.10% 3,113,660 1,986,750 1.11 2.99 2 
2013/06/12 00:36:45 19.27 3.12 1.20 17.45 3.71B 11.68 18.53% 3.34B 23.94 18.02 81.10% 3,087,840 1,955,240 1.09 2.99 2 
2013/06/13 00:25:32 19.00 3.07 1.18 17.21 3.66B 11.59 18.53% 3.34B 23.94 18.02 81.10% 3,085,740 2,079,740 1.08 2.99 2 
2013/06/14 08:10:56 19.25 3.07 1.19 17.44 3.71B 11.74 18.53% 3.16B 23.94 18.02 81.10% 3,088,540 2,018,490 1.08 2.99 2 
2013/06/17 00:09:11 19.05 3.07 1.19 17.26 3.67B 11.62 18.53% 3.17B 23.94 18.02 81.10% 3,066,320 1,976,910 1.08 2.99 2 
2013/06/18 00:54:21 19.05 3.04 1.19 17.26 3.67B 11.62 18.53% 3.17B 23.94 18.02 81.10% 3,073,860 2,225,020 1.06 2.99 2 
2013/06/18 23:26:24 19.16 3.04 1.19 17.36 3.69B 11.68 18.53% 3.17B 23.94 18.02 81.10% 3,060,380 2,156,440 1.06 2.99 2 
2013/06/20 00:04:41 18.72 3.06 1.19 16.96 3.61B 11.41 18.53% 3.17B 23.94 18.02 81.10% 3,053,580 2,494,040 1.07 2.99 2 
2013/06/21 01:20:54 18.27 2.99 1.16 16.55 3.52B 11.14 18.53% 3.17B 23.94 18.02 81.10% 3,071,380 2,684,730 1.05 2.99 3 
2013/06/24 00:27:57 18.23 2.92 1.13 16.51 3.51B 11.05 18.53% 3.02B 23.94 18.02 76.30% 3,063,220 2,998,400 1.02 2.99 3 
2013/06/25 00:26:27 17.62 2.91 1.13 15.96 3.39B 10.68 18.53% 3.02B 23.94 17.37 76.30% 3,017,620 3,803,630 1.02 2.99 3 
2013/06/26 01:38:38 18.11 2.81 1.13 16.40 3.49B 10.98 18.53% 3.02B 23.94 17.37 76.30% 2,999,440 3,692,270 0.98 2.99 3 
2013/06/27 01:03:44 18.02 2.89 1.12 16.32 3.47B 10.92 18.53% 3.02B 23.94 17.37 76.30% 2,984,160 3,481,550 1.01 2.99 3 
2013/06/28 00:23:34 18.15 2.86 1.12 16.44 3.50B 11.00 18.53% 3.02B 23.94 17.37 76.30% 2,930,580 3,376,350 1.00 2.99 3 
2013/07/18 22:35:23 18.66 2.98 1.16 16.90 3.60B 11.31 18.53% 3.19B 23.94 17.37 76.30% 2,689,740 1,776,860 1.04 2.99 3 
2013/07/20 12:45:28 18.62 2.98 1.11 16.87 3.59B 11.28 18.53% 3.19B 23.94 17.37 76.30% 2,680,290 1,663,220 1.04 2.99 3 
2013/07/21 22:34:50 18.62 2.98 1.11 16.87 3.59B 11.28 18.53% 3.09B 23.94 17.37 76.30% 2,680,290 1,663,220 1.04 2.99 3 
2013/07/23 17:25:12 18.97 3.01 1.12 17.18 3.65B 11.50 18.53% 3.09B 23.94 17.37 76.30% 2,711,040 2,152,630 1.06 2.99 2 
2013/07/26 17:32:48 19.20 3.06 1.14 17.39 3.70B 11.64 18.53% 3.09B 23.94 17.37 76.30% 2,703,250 2,097,580 1.07 2.99 2 
2013/08/10 18:02:34 16.86 2.72 1.28 15.27 3.25B 11.96 18.53% 3.37B 23.94 16.60 76.30% 2,975,200 5,789,940 0.95 2.99 3 
2013/08/11 12:35:57 16.86 2.72 1.28 15.27 3.25B 11.96 18.53% 2.75B 23.94 16.60 76.30% 2,975,200 5,789,940 0.95 2.99 4 
2013/08/20 22:54:13 16.38 2.55 1.29 14.84 3.16B 11.62 18.53% 2.64B 23.94 15.97 76.30% 3,004,570 3,201,540 0.89 2.99 4 
2013/08/22 20:52:33 15.21 2.36 1.26 13.78 2.93B 11.52 18.53% 2.64B 23.94 14.33 76.30% 3,265,590 5,090,040 0.83 2.99 4 
2013/08/23 10:44:07 14.99 2.43 1.63 13.48 2.89B 12.00 18.53% 2.64B 23.94 14.33 76.30% 3,265,590 5,090,040 0.85 2.99 4 
2013/08/24 19:48:15 14.78 2.43 1.72 13.39 2.85B 12.63 18.53% 2.64B 23.94 14.33 76.30% 3,170,660 5,718,740 0.85 2.99 4 
2013/08/25 23:06:58 14.78 2.44 1.72 13.36 2.85B 12.63 16.76% 2.44B 23.94 14.33 76.30% 3,170,660 5,718,740 0.85 2.31 4 
2013/08/27 01:00:37 14.76 2.37 1.72 13.35 2.84B 12.62 16.76% 2.44B 23.94 14.33 76.30% 3,174,990 6,646,420 0.83 2.31 4 
2013/08/27 01:18:12 14.76 2.37 1.72 13.35 2.84B 12.62 16.76% 2.44B 23.94 14.33 76.30% 3,174,990 6,646,420 0.83 2.31 0.71 N/A 4 
2013/08/30 23:05:08 14.47 2.33 1.74 13.08 2.79B 12.47 16.76% 2.44B 23.94 14.33 76.30% 3,188,360 6,274,670 0.82 2.31 5 
2013/09/01 18:59:22 14.47 2.33 1.74 13.08 2.79B 12.69 16.76% 2.41B 23.94 14.33 76.30% 3,206,100 4,576,610 0.82 2.31 5 
2013/09/01 22:34:37 14.47 2.33 1.74 13.08 2.79B 12.69 16.76% 2.41B 23.94 14.33 76.30% 3,206,100 4,576,610 0.82 2.31 5 
2013/09/03 17:34:53 14.37 2.32 1.76 12.99 2.77B 12.61 16.76% 2.41B 23.94 14.33 76.30% 3,206,100 4,576,610 0.81 2.31 5 
2013/09/03 18:00:39 14.37 2.32 1.76 12.99 2.77B 12.61 16.76% 2.41B 23.94 14.33 76.30% 3,206,100 4,576,610 0.81 2.31 5 
2013/09/03 19:00:30 14.37 2.32 1.26 13.02 2.77B 10.05 18.53% 3.37B 23.94 14.33 76.30% 3,206,100 4,576,610 0.81 2.99 0.98 6.02 6.39% 12.49% 15.02% 17.61 -4.10% 1.39B 559.04M 248.04M 1.10 -29.50% 2.58 0.00 N/A 423.71M 357.74M 0.51 16.23% 17.42 18.97 192.73M 172.54M 19.38% 5.61M 2.40 3.10% 5.44M 4 
2013/09/04 03:24:36 14.37 2.30 1.75 12.99 2.77B 12.61 16.76% 2.41B 23.94 14.32 76.30% 3,223,760 3,603,430 0.81 2.31 0.70 4.61 6.43% 11.33% 12.94% 17.63 -1.70% 1.39B 521.76M 224.79M 1.11 3.00% 2.10 0.00 N/A N/A N/A 0.78 16.84% 17.28 18.91 192.73M 172.60M 19.38% 6.76M 2.00 3.70% 6.03M 5 