
2013/06/11 00:21:12 45.91 1.45 4.01 18.07 22.31B 13.83 8.16% 41.11B 51.60 39.02 62.80% 2,878,970 4,118,730 1.48 0.71 1 
2013/06/12 00:36:46 45.36 1.45 4.01 17.85 22.05B 13.66 8.16% 41.11B 51.60 39.02 62.80% 2,896,240 3,997,840 1.47 0.71 1 
2013/06/13 00:25:33 45.20 1.43 3.94 17.79 21.97B 13.61 8.16% 41.11B 51.60 39.02 62.80% 2,920,180 3,940,010 1.46 0.71 1 
2013/06/14 08:10:57 45.92 1.45 3.99 18.07 22.32B 13.83 8.16% 40.64B 51.60 39.02 62.80% 2,945,970 3,731,760 1.47 0.71 1 
2013/06/17 00:09:11 45.51 1.45 3.96 17.91 22.12B 13.71 8.16% 40.79B 51.60 39.02 62.80% 2,972,810 3,814,660 1.47 0.71 1 
2013/06/18 00:54:22 45.57 1.43 3.96 17.93 22.15B 13.73 8.16% 40.79B 51.60 39.02 62.80% 2,977,280 3,669,830 1.46 0.71 1 
2013/06/18 23:26:25 45.90 1.44 3.96 18.06 22.31B 13.83 8.16% 40.79B 51.60 39.02 62.80% 2,990,310 3,553,200 1.46 0.71 1 
2013/06/20 00:04:42 44.79 1.45 3.96 17.63 21.77B 13.49 8.16% 40.79B 51.60 39.02 62.80% 3,027,780 3,639,750 1.47 0.71 1 
2013/06/21 01:20:55 43.19 1.41 3.96 17.00 20.99B 13.01 8.16% 40.79B 51.60 39.02 62.80% 3,084,780 3,768,610 1.44 0.71 1 
2013/06/24 00:27:57 43.78 1.36 3.56 17.23 21.28B 13.19 8.16% 39.95B 51.60 39.02 64.10% 3,135,210 4,003,240 1.39 0.71 1 
2013/06/25 00:26:27 43.57 1.38 3.56 17.15 21.18B 13.12 8.16% 39.95B 51.60 39.21 64.10% 3,154,490 4,055,020 1.40 0.71 1 
2013/06/26 01:38:39 43.91 1.37 3.59 17.28 21.34B 13.23 8.16% 39.95B 51.60 39.46 64.10% 3,172,430 3,929,730 1.40 0.71 1 
2013/06/27 01:03:44 44.60 1.38 3.62 17.55 21.68B 13.43 8.16% 39.95B 51.60 39.49 64.10% 3,193,600 3,780,420 1.41 0.71 1 
2013/06/28 00:23:34 44.48 1.41 3.62 17.50 21.62B 13.40 8.16% 39.95B 51.60 39.62 64.10% 3,209,170 3,688,200 1.43 0.71 1 
2013/07/18 22:35:43 47.22 1.48 3.92 18.58 22.95B 14.27 8.16% 41.30B 51.60 40.56 64.10% 3,413,860 3,110,690 1.51 0.71 1 
2013/07/20 12:45:53 47.14 1.49 3.92 18.55 22.91B 14.24 8.16% 41.30B 51.60 40.56 64.10% 3,408,290 2,928,690 1.52 0.71 1 
2013/07/21 22:34:50 47.14 1.49 3.92 18.55 22.91B 14.24 8.16% 41.59B 51.60 40.56 64.10% 3,408,290 2,928,690 1.52 0.71 1 
2013/07/23 17:25:16 47.10 1.48 3.91 18.54 22.89B 14.23 8.16% 41.59B 51.60 40.56 64.10% 3,391,430 2,376,970 1.51 0.71 1 
2013/07/26 17:32:49 46.47 1.44 3.82 18.29 22.59B 14.04 8.16% 41.59B 51.60 40.56 64.10% 3,463,460 3,539,300 1.47 0.71 1 
2013/08/10 18:02:34 45.00 1.43 3.57 18.07 21.90B 13.60 7.94% 41.68B 51.60 40.56 64.10% 3,534,610 2,614,780 1.46 0.71 1 
2013/08/11 12:35:58 45.00 1.43 3.57 18.07 21.90B 13.60 7.94% 40.91B 51.60 40.56 64.10% 3,534,610 2,614,780 1.46 0.71 1 
2013/08/20 22:54:13 42.82 1.34 3.40 17.20 20.84B 12.94 7.94% 40.09B 51.60 40.56 64.10% 3,588,930 2,929,300 1.37 0.71 1 
2013/08/22 20:52:33 42.69 1.33 3.32 17.14 20.78B 12.90 7.94% 40.09B 51.60 40.56 64.10% 3,611,500 2,997,710 1.36 0.71 1 
2013/08/23 10:44:07 43.11 1.34 3.57 17.27 20.98B 12.99 7.94% 41.68B 51.60 40.56 64.10% 3,613,330 3,043,640 1.37 0.71 1 
2013/08/24 19:48:15 43.16 1.34 3.35 17.33 21.01B 13.04 7.94% 40.09B 51.60 40.56 64.10% 3,634,810 3,311,880 1.37 0.71 1 
2013/08/25 23:06:58 43.16 1.34 3.35 17.33 21.01B 13.04 7.94% 40.02B 51.60 40.56 64.10% 3,634,810 3,311,880 1.37 0.71 1 
2013/08/27 01:00:37 42.65 1.35 3.35 17.13 20.76B 12.89 7.94% 40.02B 51.60 40.56 64.10% 3,637,730 3,434,020 1.38 0.71 1 
2013/08/27 01:18:13 42.65 1.35 3.35 17.13 20.76B 12.89 7.94% 40.02B 51.60 40.56 64.10% 3,637,730 3,434,020 1.38 0.71 2.64 N/A 1 
2013/08/30 23:05:08 42.80 1.34 3.35 17.19 20.83B 12.93 7.94% 40.02B 51.60 40.56 64.10% 3,632,490 3,414,470 1.37 0.71 1 
2013/09/01 18:59:22 42.80 1.34 3.35 17.19 20.83B 12.93 7.94% 39.79B 51.60 40.56 64.10% 3,499,170 2,674,770 1.37 0.71 1 
2013/09/01 22:34:37 42.80 1.34 3.35 17.19 20.83B 12.93 7.94% 39.79B 51.60 40.56 64.10% 3,499,170 2,674,770 1.37 0.71 1 
2013/09/03 17:34:53 42.16 1.34 3.36 16.93 20.52B 12.74 7.94% 39.79B 51.60 40.56 64.10% 3,499,170 2,674,770 1.37 0.71 1 
2013/09/03 18:00:39 42.16 1.34 3.36 16.93 20.52B 12.74 7.94% 39.79B 51.60 40.56 64.10% 3,499,170 2,674,770 1.37 0.71 1 
2013/09/03 19:00:30 42.16 1.34 3.36 16.93 20.52B 12.74 7.94% 39.79B 51.60 40.56 64.10% 3,499,170 2,674,770 1.37 0.71 2.62 8.18 7.97% 19.55% 3.42% 31.25 0.90% 8.55B 4.86B 1.21B 2.49 -6.60% 0.43 19.16B 123.29 3.61B -626.86M 0.25 16.23% 45.09 46.85 486.77M 486.37M 0.07% 4.30M 1.20 0.90% 4.01M 1 
2013/09/04 03:24:37 42.16 1.32 3.57 16.93 20.52B 12.74 7.94% 41.68B 51.60 40.56 64.10% 3,466,050 2,317,000 1.35 0.71 2.75 8.57 7.97% 19.55% 3.42% 31.25 0.90% 8.55B 4.86B 1.21B 2.49 -6.60% 0.43 19.16B 123.29 3.61B -626.86M 0.20 16.84% 44.93 46.85 486.77M 486.39M 0.07% 4.63M 1.30 1.00% 4.27M 0 