
2013/06/11 00:21:16 56.80 1.71 1.33 8.97 26.48B 8.73 20.38% 28.46B 57.47 39.34 65.30% 3,161,770 3,027,200 1.06 0.27 6 
2013/06/12 00:36:49 56.41 1.70 1.33 8.91 26.30B 8.67 20.38% 28.46B 57.47 39.34 65.30% 3,165,190 3,127,770 1.05 0.27 6 
2013/06/13 00:25:37 56.08 1.69 1.33 8.86 26.15B 8.61 20.38% 28.46B 57.47 39.34 65.30% 3,160,140 3,035,720 1.04 0.27 6 
2013/06/14 08:11:00 57.46 1.72 1.33 9.08 26.79B 8.83 20.38% 28.01B 57.63 39.34 65.30% 3,169,160 2,998,450 1.06 0.27 6 
2013/06/17 00:09:15 57.51 1.72 1.35 9.09 26.81B 8.83 20.38% 28.68B 58.46 39.34 65.30% 3,170,720 3,029,960 1.06 0.27 6 
2013/06/18 00:54:28 57.58 1.73 1.35 9.10 26.85B 8.84 20.38% 28.68B 58.46 39.34 65.30% 3,150,380 2,894,720 1.06 0.27 6 
2013/06/18 23:26:29 57.77 1.73 1.35 9.13 26.93B 8.87 20.38% 28.68B 58.46 39.34 65.30% 3,137,920 2,836,760 1.07 0.27 6 
2013/06/20 00:04:45 57.34 1.73 1.35 9.06 26.73B 8.81 20.38% 28.68B 58.75 39.34 65.30% 3,139,870 2,929,360 1.07 0.27 6 
2013/06/21 01:20:58 56.95 1.72 1.34 9.00 26.55B 8.72 20.38% 28.68B 58.75 39.34 65.30% 3,132,450 2,921,220 1.06 0.27 6 
2013/06/24 00:28:04 56.66 1.71 1.33 8.95 26.42B 8.68 20.38% 28.29B 58.75 39.34 64.90% 3,113,850 2,878,010 1.05 0.27 6 
2013/06/25 00:26:31 55.68 1.70 1.33 8.80 25.96B 8.53 20.38% 28.29B 58.75 39.63 64.90% 3,106,490 2,961,450 1.05 0.27 6 
2013/06/26 01:38:46 56.82 1.67 1.33 8.98 26.49B 8.70 20.38% 28.29B 58.75 40.07 64.90% 3,104,970 2,849,900 1.03 0.27 6 
2013/06/27 01:03:48 57.26 1.70 1.33 9.05 26.70B 8.77 20.38% 28.29B 58.75 40.07 64.90% 3,069,290 2,694,000 1.05 0.27 6 
2013/06/28 00:23:37 58.20 1.72 1.33 9.19 27.13B 8.91 20.38% 28.29B 58.75 40.97 64.90% 3,076,210 2,683,990 1.06 0.27 6 
2013/07/18 22:35:47 59.33 1.77 1.38 9.37 27.66B 9.11 20.38% 29.44B 59.57 40.97 64.90% 2,787,450 1,841,710 1.09 0.27 6 
2013/07/20 12:46:33 59.39 1.78 1.39 9.38 27.69B 9.11 20.38% 29.44B 59.63 40.97 64.90% 2,773,110 2,004,260 1.10 0.27 6 
2013/07/21 22:34:57 59.39 1.78 1.39 9.38 27.69B 9.11 20.38% 29.56B 59.63 40.97 64.90% 2,773,110 2,004,260 1.10 0.27 6 
2013/07/23 17:25:22 59.72 1.81 1.41 9.43 27.84B 9.16 20.38% 29.56B 60.33 40.97 64.90% 2,770,610 2,073,720 1.11 0.27 6 
2013/07/26 17:32:53 61.09 1.81 1.41 9.65 28.48B 9.37 20.38% 29.56B 61.29 41.62 64.90% 2,711,720 2,496,310 1.12 0.27 6 
2013/08/10 18:02:38 61.52 2.10 1.81 8.55 28.60B 9.45 24.24% 33.89B 63.63 45.09 64.90% 2,582,380 2,254,440 1.13 N/A 5 
2013/08/11 12:36:02 61.52 2.10 1.81 8.55 28.60B 9.45 24.24% 32.66B 63.63 45.09 64.90% 2,582,380 2,254,440 1.13 0.23 5 
2013/08/20 22:54:17 59.82 2.02 1.70 8.31 27.82B 9.19 24.24% 32.20B 63.63 45.47 64.90% 2,425,010 1,889,210 1.10 0.23 5 
2013/08/22 20:52:37 59.94 2.01 1.70 8.33 27.88B 9.21 24.24% 32.20B 63.63 45.47 64.90% 2,391,860 1,867,940 1.10 0.23 5 
2013/08/23 10:44:11 59.81 2.03 1.68 8.31 27.82B 9.19 24.24% 32.20B 63.63 45.52 64.90% 2,349,520 1,808,590 1.11 0.23 5 
2013/08/24 19:48:18 59.83 2.03 1.68 8.31 27.83B 9.19 24.24% 32.20B 63.63 45.76 64.90% 2,327,970 1,774,600 1.11 0.23 5 
2013/08/25 23:07:02 59.83 2.03 1.68 8.31 27.83B 9.19 24.24% 31.87B 63.63 45.76 64.90% 2,327,970 1,774,600 1.11 0.23 5 
2013/08/27 01:00:43 59.37 2.03 1.68 8.25 27.61B 9.12 24.24% 31.87B 63.63 45.76 64.90% 2,313,680 1,456,380 1.11 0.23 5 
2013/08/27 01:18:16 59.37 2.03 1.68 8.25 27.61B 9.12 24.24% 31.87B 63.63 45.76 64.90% 2,313,680 1,456,380 1.11 0.23 1.27 N/A 5 
2013/08/30 23:05:12 57.79 1.97 1.62 8.03 26.88B 8.88 24.24% 31.87B 63.63 45.80 64.90% 2,286,410 1,474,410 1.07 0.23 5 
2013/09/01 18:59:25 57.79 1.97 1.62 8.03 26.88B 8.88 24.24% 30.98B 63.63 45.80 64.90% 2,274,150 1,521,260 1.07 0.23 5 
2013/09/01 22:34:41 57.79 1.97 1.62 8.03 26.88B 8.88 24.24% 30.98B 63.63 45.80 64.90% 2,274,150 1,521,260 1.07 0.23 5 
2013/09/03 17:35:01 58.16 1.96 1.62 8.08 27.05B 8.93 24.24% 30.98B 63.63 45.80 64.90% 2,274,150 1,521,260 1.07 0.23 5 
2013/09/03 18:00:43 58.16 1.96 1.62 8.08 27.05B 8.93 24.24% 30.98B 63.63 45.80 64.90% 2,274,150 1,521,260 1.07 0.23 5 
2013/09/03 19:00:34 58.16 1.96 1.62 8.08 27.05B 8.93 24.24% 30.98B 63.63 45.80 64.90% 2,274,150 1,521,260 1.07 0.23 1.23 6.05 13.43% 20.08% 2.65% 53.94 -0.40% 8.29B 5.12B 3.38B 7.20 84.10% 5.18 6.45B 47.12 13.40B 12.45B 1.73 16.23% 60.32 55.16 465.09M 455.40M 3.02% 7.35M 3.40 1.60% 6.67M 5 
2013/09/04 03:24:40 58.16 1.97 1.62 8.08 27.05B 8.93 24.24% 30.98B 63.63 45.80 64.90% 2,249,270 1,597,030 1.07 0.23 1.23 6.05 13.43% 20.08% 2.65% 53.94 -0.40% 8.29B 5.12B 3.38B 7.20 84.10% 5.18 6.45B 47.12 13.40B 12.45B 1.73 16.84% 60.30 55.32 465.09M 455.40M 3.02% 7.35M 3.40 1.60% 6.67M 5 