
2013/06/11 00:21:21 100.19 5.54 1.48 34.79 29.70B 18.38 21.16% 29.48B 116.45 81.28 88.20% 1,992,690 1,836,300 5.00 3.83 2 
2013/06/12 00:36:56 100.39 5.56 1.48 34.86 29.76B 18.42 21.16% 29.48B 116.45 81.28 88.20% 2,002,610 1,807,440 5.02 3.83 2 
2013/06/13 00:25:41 100.24 5.57 1.48 34.81 29.71B 18.39 21.16% 29.48B 116.45 81.28 88.20% 2,003,140 1,748,450 5.03 3.83 2 
2013/06/14 08:11:08 101.53 5.64 1.52 35.25 30.09B 18.63 21.16% 29.63B 116.45 81.28 88.20% 2,014,320 1,654,340 5.09 3.83 2 
2013/06/17 00:09:22 101.14 5.64 1.52 35.12 29.98B 18.56 21.16% 29.89B 116.45 81.28 88.20% 2,008,640 1,613,540 5.09 3.83 2 
2013/06/18 00:54:32 101.48 5.61 1.52 35.24 30.08B 18.62 21.16% 29.89B 116.45 81.28 88.20% 2,020,240 1,658,370 5.07 3.83 2 
2013/06/18 23:26:33 101.49 5.63 1.52 35.24 30.08B 18.62 21.16% 29.89B 116.45 81.28 88.20% 2,034,600 1,689,090 5.08 3.83 2 
2013/06/20 00:04:49 99.28 5.63 1.52 34.47 29.43B 18.22 21.16% 29.89B 116.45 81.28 88.20% 2,049,980 1,745,690 5.08 3.83 1 
2013/06/21 01:21:02 96.24 5.51 1.52 33.42 28.53B 17.66 21.16% 29.89B 116.45 81.28 88.20% 2,061,650 1,850,090 4.97 3.83 1 
2013/06/24 00:28:08 92.70 5.34 1.39 32.19 27.48B 17.01 21.16% 27.39B 116.45 81.28 91.70% 2,221,440 3,117,480 4.82 3.83 2 
2013/06/25 00:26:35 81.99 5.15 1.39 28.47 24.30B 15.04 21.16% 27.39B 116.45 81.28 91.70% 2,444,470 6,005,530 4.64 3.83 1 
2013/06/26 01:38:53 85.25 4.55 1.30 29.60 25.27B 15.70 21.16% 27.39B 116.45 81.28 91.70% 2,567,270 6,424,070 4.11 3.83 1 
2013/06/27 01:03:52 86.81 4.73 1.38 30.14 25.73B 15.99 21.16% 27.39B 116.45 81.28 91.70% 2,634,060 6,264,040 4.27 3.83 1 
2013/06/28 00:23:41 85.43 4.82 1.38 29.66 25.32B 15.73 21.16% 27.39B 116.45 81.28 91.70% 2,687,600 6,478,220 4.35 3.83 1 
2013/07/18 22:36:13 91.80 5.07 1.50 31.88 27.21B 16.97 21.16% 26.74B 116.45 81.28 91.70% 3,016,620 2,502,060 4.57 3.83 2 
2013/07/20 12:47:25 91.97 5.10 1.51 31.93 27.26B 17.00 21.16% 26.74B 116.45 81.28 91.70% 3,050,430 2,417,330 4.60 3.83 2 
2013/07/21 22:35:06 91.97 5.10 1.51 31.93 27.26B 17.00 21.16% 27.18B 116.45 81.28 91.70% 3,050,430 2,417,330 4.60 3.83 2 
2013/07/23 17:25:27 90.59 5.05 1.49 31.45 26.85B 16.74 21.16% 27.18B 116.45 81.28 91.70% 3,041,670 1,948,720 4.55 3.83 1 
2013/07/26 17:32:59 92.26 5.08 1.50 32.03 27.35B 17.12 21.16% 27.18B 116.45 81.28 91.70% 3,046,570 1,784,150 4.59 3.83 2 
2013/08/10 18:02:44 91.10 4.77 1.51 29.30 26.97B 16.87 21.48% 26.65B 116.45 81.33 91.70% 2,725,060 1,943,800 4.50 4.08 2 
2013/08/11 12:36:06 91.10 4.77 1.51 29.30 26.97B 16.87 21.48% 26.45B 116.45 81.33 91.70% 2,725,060 1,943,800 4.50 4.08 2 
2013/08/20 22:54:24 92.07 4.61 1.45 29.61 27.33B 17.05 21.48% 25.59B 116.45 81.33 91.70% 2,689,650 1,841,640 4.35 4.08 2 
2013/08/22 20:52:41 90.80 4.69 1.50 29.21 26.95B 16.81 21.48% 25.59B 116.45 81.33 91.70% 2,662,470 1,869,010 4.42 4.08 2 
2013/08/23 10:44:16 89.97 4.71 1.48 28.86 26.71B 16.62 21.48% 25.59B 116.45 81.33 91.70% 2,631,610 1,842,060 4.44 4.08 2 
2013/08/24 19:48:23 89.54 4.71 1.48 28.80 26.58B 16.58 21.48% 25.59B 116.45 81.33 91.70% 2,583,260 1,697,390 4.44 4.08 2 
2013/08/25 23:07:08 89.54 4.71 1.48 28.80 26.58B 16.58 21.48% 26.07B 116.45 81.33 91.70% 2,583,260 1,697,390 4.44 4.08 2 
2013/08/27 01:00:47 89.15 4.64 1.48 28.67 26.46B 16.51 21.48% 26.07B 116.45 81.33 91.70% 2,574,090 1,643,420 4.38 4.08 2 
2013/08/27 01:18:20 89.15 4.64 1.48 28.67 26.46B 16.51 21.48% 26.07B 116.45 81.33 91.70% 2,574,090 1,643,420 4.38 4.08 4.30 N/A 2 
2013/08/30 23:05:17 88.38 4.58 1.44 28.43 26.24B 16.37 21.48% 26.07B 116.45 81.33 91.70% 2,552,390 1,574,840 4.32 4.08 2 
2013/09/01 18:59:30 88.38 4.58 1.44 28.43 26.24B 16.37 21.48% 25.71B 116.45 81.33 91.70% 2,493,060 1,149,630 4.32 4.08 2 
2013/09/01 22:34:46 88.38 4.58 1.44 28.43 26.24B 16.37 21.48% 25.71B 116.45 81.33 91.70% 2,493,060 1,149,630 4.32 4.08 2 
2013/09/03 17:35:06 89.82 4.58 1.44 28.89 26.66B 16.63 21.48% 25.71B 116.45 81.33 91.70% 2,493,060 1,149,630 4.33 4.08 2 
2013/09/03 18:00:49 89.82 4.58 1.44 28.89 26.66B 16.63 21.48% 25.71B 116.45 81.33 91.70% 2,493,060 1,149,630 4.33 4.08 2 
2013/09/03 19:00:38 89.82 4.58 1.44 28.89 26.66B 16.63 21.48% 25.71B 116.45 81.33 91.70% 2,493,060 1,149,630 4.33 4.08 4.24 13.47 15.60% 28.64% 11.83% 20.33 10.20% 5.03B 1.91B 1.20B 3.11 21.80% 8.99 2.16B 37.52 1.56B 1.15B 0.74 16.23% 90.48 100.52 296.86M 296.31M 0.17% 2.17M 1.20 0.70% 2.01M 2 
2013/09/04 03:24:44 89.82 4.66 1.47 28.89 26.66B 16.63 21.48% 25.71B 116.45 81.33 91.70% 2,472,570 1,222,320 4.40 4.08 4.24 13.47 15.60% 28.64% 11.83% 20.33 10.20% 5.03B 1.91B 1.20B 3.11 21.80% 8.99 2.16B 37.52 1.56B 1.15B 0.74 16.84% 90.41 100.29 296.86M 296.31M 0.17% 2.17M 1.20 0.70% 2.01M 2 