
2013/06/11 00:21:29 44.75 3.38 1.73 35.24 7.95B 20.25 10.13% 7.53B 48.47 27.86 85.80% 3,275,220 1,691,300 5.65 3.93 1 
2013/06/12 00:37:04 43.84 3.34 1.74 34.52 7.79B 19.84 10.13% 7.53B 48.47 27.86 85.80% 3,092,040 1,699,170 5.59 3.93 1 
2013/06/13 00:25:50 42.52 3.27 1.74 33.48 7.56B 19.24 10.13% 7.53B 48.47 27.86 85.80% 3,013,020 1,885,360 5.48 3.93 0 
2013/06/14 08:11:16 42.64 3.18 1.66 33.57 7.58B 19.29 10.13% 7.04B 48.47 27.86 85.80% 2,987,370 1,895,850 5.33 3.93 1 
2013/06/17 00:09:30 42.56 3.18 1.65 33.51 7.56B 19.26 10.13% 7.05B 48.47 27.86 85.80% 2,957,520 1,786,490 5.33 3.93 1 
2013/06/18 00:54:40 42.94 3.17 1.65 33.81 7.63B 19.43 10.13% 7.05B 48.47 27.86 85.80% 2,887,610 1,984,680 5.32 3.93 1 
2013/06/18 23:26:39 42.84 3.20 1.65 33.73 7.61B 19.38 10.13% 7.05B 48.47 27.86 85.80% 2,851,940 1,936,440 5.36 3.93 1 
2013/06/20 00:04:58 42.56 3.19 1.65 33.51 7.56B 19.26 10.13% 7.05B 48.47 27.86 85.80% 2,803,670 1,872,150 5.35 3.93 1 
2013/06/21 01:21:09 41.25 3.17 1.65 32.48 7.33B 18.67 10.13% 7.05B 48.47 27.86 85.80% 2,762,090 1,956,550 5.32 3.93 1 
2013/06/24 00:28:17 40.75 3.08 1.60 32.09 7.24B 18.44 10.13% 6.73B 48.47 27.86 93.80% 2,774,640 2,134,700 5.15 3.93 1 
2013/06/25 00:26:44 41.41 3.04 1.60 32.61 7.36B 18.74 10.13% 6.73B 48.47 27.86 93.80% 2,779,560 2,023,880 5.09 3.93 1 
2013/06/26 01:39:02 41.91 3.09 1.60 33.00 7.45B 18.96 10.13% 6.73B 48.47 27.86 93.80% 2,759,950 2,024,840 5.17 3.93 1 
2013/06/27 01:04:00 42.76 3.13 1.63 33.67 7.60B 19.35 10.13% 6.73B 48.47 27.86 93.80% 2,749,670 2,013,190 5.24 3.93 1 
2013/06/28 00:23:48 42.69 3.19 1.66 33.61 7.59B 19.32 10.13% 6.73B 48.47 27.86 93.80% 2,744,050 1,949,760 5.34 3.93 1 
2013/07/18 22:36:40 45.34 3.36 1.72 35.70 8.06B 20.52 10.13% 7.47B 48.47 27.86 93.80% 2,421,690 1,542,990 5.63 3.93 1 
2013/07/20 12:48:56 44.81 3.38 1.76 35.28 7.96B 20.28 10.13% 7.47B 48.47 27.86 93.80% 2,398,420 1,462,050 5.66 3.93 1 
2013/07/21 22:35:20 44.81 3.38 1.76 35.28 7.96B 20.28 10.13% 7.45B 48.47 27.86 93.80% 2,398,420 1,462,050 5.66 3.93 1 
2013/07/23 17:25:37 44.25 3.29 1.71 34.84 7.86B 20.02 10.13% 7.45B 48.47 27.86 93.80% 2,385,340 1,614,980 5.51 3.93 1 
2013/07/26 17:33:08 47.23 3.37 1.75 37.19 8.39B 21.27 10.13% 7.45B 48.47 32.63 93.80% 2,080,070 2,080,770 5.64 3.93 1 
2013/08/10 18:03:03 46.52 3.39 1.75 33.96 8.28B 20.95 10.72% 7.81B 48.47 32.63 93.80% 1,986,400 1,425,510 5.65 3.79 1 
2013/08/11 12:36:14 46.52 3.39 1.75 33.96 8.28B 20.95 10.72% 7.75B 48.47 32.63 93.80% 1,986,400 1,425,510 5.65 3.79 1 
2013/08/20 22:54:39 46.21 3.35 1.74 33.73 8.23B 20.82 10.72% 7.65B 48.47 32.63 93.80% 1,863,900 1,261,070 5.58 3.79 1 
2013/08/22 20:52:49 47.30 3.37 1.74 34.53 8.43B 21.31 10.72% 7.65B 48.47 32.63 93.80% 1,822,390 1,227,610 5.61 3.79 1 
2013/08/23 10:44:25 46.83 3.44 1.74 34.33 8.34B 21.18 10.72% 7.65B 48.47 32.63 93.80% 1,822,390 1,227,610 5.74 3.79 1 
2013/08/24 19:48:30 47.10 3.44 1.77 34.38 8.39B 21.12 10.72% 7.65B 48.47 32.63 93.80% 1,814,450 1,267,040 5.74 3.79 1 
2013/08/25 23:07:16 47.10 3.44 1.77 34.38 8.39B 21.12 10.72% 7.86B 48.47 32.63 93.80% 1,824,150 1,315,260 5.74 3.79 1 
2013/08/27 01:00:54 46.60 3.43 1.77 34.01 8.30B 20.90 10.72% 7.86B 48.47 32.63 93.80% 1,809,120 1,121,750 5.71 3.79 1 
2013/08/27 01:18:27 46.60 3.43 1.77 34.01 8.30B 20.90 10.72% 7.86B 48.47 32.63 93.80% 1,809,120 1,121,750 5.71 3.79 5.35 N/A 1 
2013/08/30 23:05:24 45.98 3.38 1.75 33.56 8.19B 20.71 10.72% 7.86B 48.47 32.63 93.80% 1,805,960 1,190,610 5.64 3.79 1 
2013/09/01 18:59:38 45.98 3.38 1.73 33.56 8.19B 20.71 10.72% 7.75B 48.47 32.63 93.80% 1,729,280 1,168,860 5.64 3.79 1 
2013/09/01 22:34:54 45.98 3.38 1.73 33.56 8.19B 20.71 10.72% 7.75B 48.47 32.63 93.80% 1,729,280 1,168,860 5.64 3.79 1 
2013/09/03 17:35:19 46.85 3.35 1.73 34.20 8.35B 21.10 10.72% 7.75B 48.47 32.63 93.80% 1,729,280 1,210,470 5.58 3.79 1 
2013/09/03 18:00:56 46.85 3.35 1.73 34.20 8.35B 21.10 10.72% 7.75B 48.47 32.63 93.80% 1,729,280 1,210,470 5.58 3.79 1 
2013/09/03 19:00:45 46.85 3.35 1.73 34.20 8.35B 21.10 10.72% 7.75B 48.47 32.63 93.80% 1,729,280 1,210,470 5.58 3.79 5.28 14.26 17.01% 26.56% 9.43% 8.27 14.10% 942.04M 543.61M 249.90M 1.37 39.90% 2.98 0.00 N/A 521.11M 273.46M 1.53 16.23% 46.12 41.79 178.16M 172.51M 3.22% 13.15M 6.90 8.70% 13.39M 1 
2013/09/04 03:24:52 46.85 3.41 1.73 34.20 8.35B 21.10 10.72% 7.75B 48.47 32.63 93.80% 1,707,970 1,187,550 5.68 3.79 5.28 14.26 17.01% 26.56% 9.43% 8.27 14.10% 942.04M 543.61M 249.90M 1.37 39.90% 2.98 0.00 N/A 521.11M 273.46M 1.53 16.84% 46.18 41.88 178.16M 172.51M 3.22% 13.15M 6.90 8.70% 13.39M 1 