
2013/06/11 00:21:34 47.30 1.08 1.10 10.27 22.17B 9.15 11.29% 24.79B 50.69 33.08 77.00% 3,407,270 4,415,880 0.67 0.58 4 
2013/06/12 00:37:08 47.25 1.07 1.10 10.26 22.14B 9.14 11.29% 24.79B 50.69 33.08 77.00% 3,429,690 4,364,200 0.66 0.58 4 
2013/06/13 00:25:55 47.02 1.07 1.10 10.21 22.04B 9.08 11.29% 24.79B 50.69 33.08 77.00% 3,459,370 4,362,800 0.66 0.58 4 
2013/06/14 08:11:21 47.41 1.08 1.11 10.29 22.22B 9.15 11.29% 24.58B 50.69 33.08 77.00% 3,470,340 4,049,240 0.66 0.58 4 
2013/06/17 00:09:37 46.87 1.08 1.10 10.18 21.97B 9.07 11.29% 24.51B 50.69 33.08 77.00% 3,471,910 3,771,210 0.66 0.58 4 
2013/06/18 00:54:47 47.42 1.06 1.10 10.30 22.22B 9.17 11.29% 24.51B 50.69 33.08 77.00% 3,435,490 3,317,620 0.66 0.58 4 
2013/06/18 23:26:44 47.67 1.08 1.10 10.35 22.34B 9.22 11.29% 24.51B 50.69 33.08 77.00% 3,415,930 3,138,090 0.67 0.58 4 
2013/06/20 00:05:02 47.05 1.08 1.12 10.21 22.05B 9.10 11.29% 24.51B 50.69 33.08 77.00% 3,413,580 3,155,490 0.67 0.58 4 
2013/06/21 01:21:14 46.57 1.07 1.10 10.11 21.82B 9.01 11.29% 24.51B 50.69 33.08 77.00% 3,450,300 3,388,620 0.66 0.58 4 
2013/06/24 00:28:25 47.23 1.06 1.12 10.25 22.13B 9.12 11.29% 24.68B 50.69 33.08 78.70% 3,532,080 3,804,220 0.65 0.58 4 
2013/06/25 00:26:50 46.60 1.07 1.12 10.12 21.84B 9.00 11.29% 24.68B 50.69 33.35 78.70% 3,567,290 4,115,820 0.66 0.58 4 
2013/06/26 01:39:09 46.88 1.06 1.12 10.18 21.97B 9.05 11.29% 24.68B 50.69 33.35 78.70% 3,551,850 4,007,590 0.65 0.58 4 
2013/06/27 01:04:05 47.76 1.06 1.11 10.37 22.38B 9.22 11.29% 24.68B 50.69 33.35 78.70% 3,581,270 4,030,560 0.66 0.58 4 
2013/06/28 00:23:52 48.30 1.08 1.13 10.49 22.64B 9.32 11.29% 24.68B 50.69 33.35 78.70% 3,591,500 4,067,260 0.67 0.58 4 
2013/07/18 22:36:47 52.08 1.16 1.21 11.31 24.41B 10.11 11.29% 26.50B 52.38 33.38 78.70% 3,442,500 2,597,120 0.72 0.58 4 
2013/07/20 12:50:08 52.10 1.18 1.23 11.31 24.42B 10.20 11.29% 26.50B 52.38 33.38 78.70% 3,461,300 2,520,040 0.73 0.58 4 
2013/07/21 22:35:29 52.10 1.18 1.23 11.31 24.42B 10.20 11.29% 26.96B 52.38 33.38 78.70% 3,461,300 2,520,040 0.73 0.58 4 
2013/07/23 17:25:44 52.08 1.19 1.24 11.31 24.41B 10.19 11.29% 26.96B 52.45 33.38 78.70% 3,432,310 2,233,380 0.74 0.58 4 
2013/07/26 17:33:18 51.52 1.16 1.21 11.19 24.14B 10.08 11.29% 26.96B 52.45 34.22 78.70% 3,405,640 2,431,090 0.72 0.58 4 
2013/08/10 18:03:14 50.66 1.18 1.17 10.83 23.56B 9.89 11.49% 26.94B 52.61 37.02 78.70% 3,295,640 3,377,660 0.69 0.54 4 
2013/08/11 12:36:19 50.66 1.18 1.17 10.83 23.56B 9.89 11.49% 26.16B 52.61 37.02 78.70% 3,295,640 3,377,660 0.69 0.54 4 
2013/08/20 22:54:46 49.04 1.16 1.13 10.48 22.73B 9.54 11.49% 25.57B 52.61 37.02 78.70% 3,225,320 2,546,990 0.67 0.54 4 
2013/08/22 20:52:55 49.40 1.16 1.13 10.56 22.89B 9.61 11.49% 25.57B 52.61 37.02 78.70% 3,144,120 2,418,140 0.67 0.54 4 
2013/08/23 10:44:30 49.13 1.17 1.13 10.50 22.77B 9.56 11.49% 25.57B 52.61 37.02 78.70% 3,144,120 2,418,140 0.67 0.54 4 
2013/08/24 19:48:35 49.27 1.17 1.13 10.53 22.83B 9.59 11.49% 25.57B 52.61 37.02 78.70% 3,078,220 2,346,310 0.67 0.54 4 
2013/08/25 23:07:21 49.27 1.17 1.13 10.53 22.83B 9.59 11.49% 25.52B 52.61 37.02 78.70% 3,078,220 2,346,310 0.67 0.54 4 
2013/08/27 01:00:59 48.75 1.17 1.13 10.42 22.59B 9.48 11.49% 25.52B 52.61 37.02 78.70% 3,065,650 2,041,620 0.67 0.54 4 
2013/08/27 01:18:32 48.75 1.17 1.13 10.42 22.59B 9.48 11.49% 25.52B 52.61 37.02 78.70% 3,065,650 2,041,620 0.67 0.54 0.75 N/A 4 
2013/08/30 23:05:30 47.92 1.14 1.10 10.24 22.21B 9.32 11.49% 25.52B 52.61 37.02 78.70% 3,056,690 2,104,700 0.66 0.54 4 
2013/09/01 18:59:42 47.92 1.14 1.10 10.24 22.21B 9.32 11.49% 24.96B 52.61 37.26 78.70% 3,017,640 2,131,940 0.66 0.54 4 
2013/09/01 22:34:59 47.92 1.14 1.10 10.24 22.21B 9.32 11.49% 24.96B 52.61 37.26 78.70% 3,017,640 2,131,940 0.66 0.54 4 
2013/09/03 17:35:31 48.46 1.14 1.10 10.36 22.46B 9.43 11.49% 24.96B 52.61 37.26 78.70% 3,017,640 2,131,940 0.65 0.54 4 
2013/09/03 18:01:02 48.46 1.14 1.10 10.36 22.46B 9.43 11.49% 24.96B 52.61 37.26 78.70% 3,017,640 2,131,940 0.65 0.54 4 
2013/09/03 19:00:50 48.46 1.14 1.10 10.36 22.46B 9.43 11.49% 24.96B 52.61 37.26 78.70% 3,017,640 2,131,940 0.65 0.54 0.74 5.76 6.66% 12.21% 2.10% 70.99 6.10% 11.70B 4.33B 2.26B 4.68 2.60% 7.10 5.98B 30.07 2.83B 1.26B 1.18 16.23% 50.34 48.82 463.45M 462.58M 0.14% 4.52M 1.70 1.00% 4.62M 4 
2013/09/04 03:24:56 48.46 1.15 1.10 10.36 22.46B 9.43 11.49% 24.96B 52.61 37.54 78.70% 2,975,630 2,478,520 0.66 0.54 0.74 5.76 6.66% 12.21% 2.10% 70.99 6.10% 11.70B 4.33B 2.26B 4.68 2.60% 7.10 5.98B 30.07 2.83B 1.26B 1.18 16.84% 50.26 48.88 463.45M 462.58M 0.14% 4.52M 1.70 1.00% 4.62M 4 