
2013/06/11 00:21:35 32.63 3.03 1.85 18.74 10.45B 18.44 17.09% 7.81B 38.80 29.59 93.70% 3,279,840 4,306,770 5.77 6.72 2 
2013/06/12 00:37:09 32.15 3.03 1.85 18.47 10.29B 18.16 17.09% 7.81B 38.80 29.59 93.70% 3,268,120 4,029,790 5.77 6.72 2 
2013/06/13 00:25:56 31.50 2.98 1.85 18.09 10.08B 17.80 17.09% 7.81B 38.80 29.59 93.70% 3,271,940 3,869,680 5.69 6.72 3 
2013/06/14 08:11:22 32.49 3.02 1.88 18.66 10.40B 18.36 17.09% 7.46B 38.80 29.59 93.70% 3,279,130 3,879,510 5.75 6.72 2 
2013/06/17 00:09:38 32.29 3.02 1.87 18.55 10.34B 18.24 17.09% 7.71B 38.80 29.59 93.70% 3,261,030 3,681,500 5.75 6.72 2 
2013/06/18 00:54:48 32.86 3.00 1.87 18.87 10.52B 18.56 17.09% 7.71B 38.80 29.59 93.70% 3,237,570 2,691,400 5.71 6.72 2 
2013/06/18 23:26:45 32.93 3.05 1.87 18.91 10.54B 18.60 17.09% 7.71B 38.80 29.59 93.70% 3,232,970 2,646,200 5.81 6.72 2 
2013/06/20 00:05:03 32.50 3.06 1.91 18.67 10.40B 18.36 17.09% 7.71B 38.80 29.59 93.70% 3,204,900 2,597,860 5.82 6.72 2 
2013/06/21 01:21:15 31.79 3.02 1.88 18.26 10.18B 17.96 17.09% 7.71B 38.80 29.59 93.70% 3,240,220 2,806,200 5.75 6.72 2 
2013/06/24 00:28:26 31.99 2.95 1.84 18.37 10.24B 18.07 17.09% 7.62B 38.80 29.59 92.10% 3,269,540 3,109,200 5.62 6.72 3 
2013/06/25 00:26:51 31.80 2.97 1.84 18.27 10.18B 17.97 17.09% 7.62B 38.80 29.59 92.10% 3,273,520 3,141,150 5.66 6.72 3 
2013/06/26 01:39:11 32.61 2.95 1.84 18.73 10.44B 18.42 17.09% 7.62B 38.80 29.59 92.10% 3,294,000 3,206,560 5.63 6.72 3 
2013/06/27 01:04:06 32.72 3.03 1.89 18.79 10.47B 18.49 17.09% 7.62B 38.80 29.59 92.10% 3,301,080 3,129,300 5.77 6.72 2 
2013/06/28 00:23:53 33.03 3.04 1.89 18.97 10.57B 18.66 17.09% 7.62B 38.80 29.59 92.10% 3,310,900 3,316,780 5.79 6.72 2 
2013/07/18 22:36:48 35.66 3.26 2.03 20.48 11.42B 20.15 17.09% 8.60B 38.80 29.59 92.10% 3,138,830 2,312,620 6.21 6.72 2 
2013/07/20 12:50:28 35.51 3.31 2.06 20.40 11.37B 20.06 17.09% 8.60B 38.80 29.59 92.10% 3,102,900 2,689,190 6.31 6.72 2 
2013/07/21 22:35:31 35.51 3.31 2.06 20.40 11.37B 20.06 17.09% 8.74B 38.80 29.59 92.10% 3,102,900 2,689,190 6.31 6.72 2 
2013/07/23 17:25:45 35.47 3.30 2.06 20.37 11.36B 20.04 17.09% 8.74B 38.80 29.59 92.10% 3,135,330 3,188,520 6.29 6.72 2 
2013/07/26 17:33:19 34.99 3.27 2.05 20.10 11.20B 19.66 17.09% 8.74B 38.80 29.59 92.10% 3,105,500 3,591,970 6.23 6.72 2 
2013/08/10 18:03:16 36.01 3.36 2.14 23.08 11.50B 20.12 15.09% 9.18B 38.80 29.59 92.10% 3,021,200 2,985,700 6.56 5.97 2 
2013/08/11 12:36:20 36.01 3.36 2.14 23.08 11.50B 20.12 15.09% 9.05B 38.80 29.59 92.10% 3,021,200 2,985,700 6.56 5.97 2 
2013/08/20 22:54:47 34.71 3.22 2.07 22.25 11.09B 19.39 15.09% 8.73B 38.80 29.59 92.10% 3,053,920 2,876,500 6.29 5.97 2 
2013/08/22 20:52:57 34.58 3.21 2.07 22.17 11.05B 19.32 15.09% 8.73B 38.80 29.59 92.10% 3,079,760 2,972,850 6.27 5.97 2 
2013/08/23 10:44:31 34.63 3.20 2.07 22.17 11.06B 19.32 15.09% 8.73B 38.80 29.59 92.10% 3,058,880 3,148,980 6.25 5.97 2 
2013/08/24 19:48:36 34.66 3.20 2.14 22.22 11.07B 19.36 15.09% 9.18B 38.80 29.59 92.10% 3,041,030 3,151,800 6.25 5.97 2 
2013/08/25 23:07:22 34.66 3.20 2.05 22.22 11.07B 19.36 15.09% 8.62B 38.80 29.59 92.10% 3,041,030 3,151,800 6.25 5.97 2 
2013/08/27 01:01:00 35.15 3.21 2.05 22.53 11.23B 19.64 15.09% 8.62B 38.80 29.59 92.10% 3,065,540 2,897,420 6.27 5.97 2 
2013/08/27 01:18:33 35.15 3.21 2.05 22.53 11.23B 19.64 15.09% 8.62B 38.80 29.59 92.10% 3,065,540 2,897,420 6.27 5.97 4.88 N/A 2 
2013/08/30 23:05:31 35.17 3.31 2.11 22.54 11.24B 19.65 15.09% 8.62B 38.80 29.59 92.10% 3,070,100 3,186,960 6.45 5.97 2 
2013/09/01 18:59:43 35.17 3.31 2.11 22.54 11.24B 19.65 15.09% 8.95B 38.80 29.59 92.10% 3,077,490 3,233,770 6.45 5.97 2 
2013/09/01 22:35:00 35.17 3.31 2.11 22.54 11.24B 19.65 15.09% 8.95B 38.80 29.59 92.10% 3,077,490 3,233,770 6.45 5.97 2 
2013/09/03 17:35:34 35.88 3.26 2.11 23.00 11.46B 20.04 15.09% 8.95B 38.80 29.59 92.10% 3,077,490 3,233,770 6.36 5.97 2 
2013/09/03 18:01:03 35.88 3.26 2.11 23.00 11.46B 20.04 15.09% 8.95B 38.80 29.59 92.10% 3,077,490 3,233,770 6.36 5.97 2 
2013/09/03 19:00:51 35.88 3.26 2.11 23.00 11.46B 20.04 15.09% 8.95B 38.80 29.59 92.10% 3,077,490 3,233,770 6.36 5.97 5.07 15.19 28.30% 30.87% 7.24% 5.52 -9.30% 1.24B 588.99M 499.99M 1.56 -37.60% 9.24 500.00M 14.50 625.96M 397.13M 1.52 16.23% 35.37 34.04 319.47M 318.33M 0.28% 7.85M 2.60 2.50% 6.01M 2 
2013/09/04 03:24:57 35.88 3.33 2.11 23.00 11.46B 20.04 15.09% 8.95B 38.80 29.59 92.10% 3,110,560 3,703,570 6.49 5.97 5.07 15.19 28.30% 30.87% 7.24% 5.52 -9.30% 1.24B 588.99M 499.99M 1.56 -37.60% 9.24 500.00M 14.50 625.96M 397.13M 1.52 16.84% 35.40 34.01 319.47M 318.33M 0.28% 7.85M 2.60 2.50% 6.01M 2 