
2013/06/11 00:21:38 98.31 3.80 1.42 16.64 73.73B 11.87 23.95% 76.73B 114.95 67.64 81.00% 4,073,990 4,052,930 4.25 5.58 2 
2013/06/12 00:37:13 97.93 3.78 1.43 16.58 73.45B 11.83 23.95% 76.73B 114.95 68.51 81.00% 4,017,190 3,768,870 4.22 5.58 2 
2013/06/13 00:25:59 96.37 3.77 1.43 16.31 72.28B 11.64 23.95% 76.73B 114.95 68.70 81.00% 3,979,410 3,620,210 4.21 5.58 2 
2013/06/14 08:11:25 98.51 3.79 1.43 16.67 73.88B 11.88 23.95% 74.90B 114.95 70.52 81.00% 3,984,910 3,363,740 4.23 5.58 2 
2013/06/17 00:09:42 97.42 3.79 1.42 16.49 73.06B 11.75 23.95% 75.68B 114.95 70.88 81.00% 3,980,060 3,358,950 4.23 5.58 2 
2013/06/18 00:54:52 99.08 3.75 1.42 16.77 74.31B 11.95 23.95% 75.68B 114.95 70.88 81.00% 3,869,280 2,785,400 4.19 5.58 2 
2013/06/18 23:26:48 101.50 3.81 1.42 17.18 76.12B 12.24 23.95% 75.68B 114.95 70.88 81.00% 3,864,950 2,863,060 4.26 5.58 3 
2013/06/20 00:05:06 99.18 3.90 1.42 16.79 74.38B 11.96 23.95% 75.68B 114.95 70.88 81.00% 3,862,050 2,983,360 4.36 5.58 2 
2013/06/21 01:21:18 96.28 3.81 1.44 16.30 72.21B 11.61 23.95% 75.68B 114.95 70.88 81.00% 3,857,640 3,105,090 4.26 5.58 2 
2013/06/24 00:28:30 98.28 3.70 1.40 16.64 73.71B 11.86 23.95% 76.33B 114.95 70.88 77.90% 3,908,640 3,714,280 4.14 5.58 2 
2013/06/25 00:26:56 96.14 3.78 1.40 16.27 72.10B 11.60 23.95% 76.33B 114.95 70.88 77.90% 3,893,340 4,132,580 4.22 5.58 2 
2013/06/26 01:39:16 96.38 3.70 1.40 16.31 72.28B 11.63 23.95% 76.33B 114.95 70.88 77.90% 3,862,500 3,980,630 4.13 5.58 2 
2013/06/27 01:04:09 99.60 3.71 1.40 16.86 74.70B 12.01 23.95% 76.33B 114.95 70.88 77.90% 3,860,140 3,855,040 4.14 5.58 2 
2013/06/28 00:23:55 98.99 3.83 1.40 16.76 74.24B 11.94 23.95% 76.33B 114.95 72.11 77.90% 3,852,640 3,844,500 4.28 5.58 2 
2013/07/18 22:36:52 104.77 4.01 1.47 17.73 78.57B 12.65 23.95% 80.82B 114.95 75.70 77.90% 3,614,070 2,826,980 4.48 5.58 2 
2013/07/20 12:51:29 109.39 4.03 1.58 18.52 82.04B 13.21 23.95% 80.82B 114.95 75.70 77.90% 3,579,520 3,226,410 4.50 5.58 3 
2013/07/21 22:35:37 109.39 4.03 1.58 18.52 82.04B 13.21 23.95% 84.66B 114.95 75.70 77.90% 3,579,520 3,226,410 4.50 5.58 2 
2013/07/23 17:25:48 106.62 4.19 1.57 18.05 79.96B 12.88 23.95% 84.66B 114.95 76.18 77.90% 3,556,530 2,869,220 4.68 5.58 2 
2013/07/26 17:33:22 109.60 4.21 1.65 18.55 82.20B 13.24 23.95% 84.66B 114.95 80.34 77.90% 3,356,090 2,807,340 4.71 5.58 2 
2013/08/10 18:03:20 109.63 4.04 1.70 18.48 82.55B 13.24 23.03% 84.02B 114.95 80.60 77.90% 3,415,750 3,988,010 4.71 6.20 2 
2013/08/11 12:36:23 109.63 4.04 1.70 18.48 82.55B 13.24 23.03% 84.49B 114.95 80.60 77.90% 3,415,750 3,988,010 4.71 6.20 2 
2013/08/20 22:54:52 105.60 3.82 1.63 17.80 79.55B 12.75 23.03% 80.93B 114.95 80.60 77.90% 3,312,130 2,285,230 4.46 6.20 2 
2013/08/22 20:53:00 106.29 3.83 1.73 17.92 80.07B 12.85 23.03% 84.02B 114.95 80.60 77.90% 3,295,470 2,302,640 4.47 6.20 2 
2013/08/23 10:44:35 105.23 3.89 1.65 17.71 79.28B 12.66 23.03% 80.93B 114.95 80.60 77.90% 3,273,280 2,335,250 4.53 6.20 2 
2013/08/24 19:48:40 105.60 3.89 1.64 17.80 79.55B 12.72 23.03% 80.93B 114.95 80.60 77.90% 3,248,110 2,194,650 4.53 6.20 2 
2013/08/25 23:07:26 105.60 3.89 1.64 17.80 79.55B 12.72 23.03% 81.45B 114.95 80.60 77.90% 3,248,110 2,194,650 4.53 6.20 2 
2013/08/27 01:01:04 113.75 3.86 1.64 19.17 85.69B 13.70 23.03% 81.45B 116.25 80.60 77.90% 3,390,780 3,522,570 4.51 6.20 3 
2013/08/27 01:18:36 113.75 3.86 1.64 19.17 85.69B 13.70 23.03% 81.45B 116.25 80.60 77.90% 3,390,780 3,522,570 4.51 6.20 4.61 N/A 3 
2013/08/30 23:05:35 108.94 3.98 1.66 18.36 82.07B 13.30 23.03% 81.45B 116.25 80.60 77.90% 3,416,310 3,817,110 4.64 6.20 3 
2013/09/01 18:59:47 108.94 3.98 1.66 18.36 82.07B 13.30 23.03% 83.91B 116.25 80.60 77.90% 3,379,160 4,142,160 4.64 6.20 2 
2013/09/01 22:35:04 108.94 3.98 1.66 18.36 82.07B 13.30 23.03% 83.91B 116.25 80.60 77.90% 3,379,160 4,142,160 4.64 6.20 2 
2013/09/03 17:35:40 111.01 3.98 1.66 18.71 83.63B 13.55 23.03% 83.91B 116.25 80.60 77.90% 3,379,160 4,142,160 4.65 6.20 2 
2013/09/03 18:01:07 111.01 3.98 1.66 18.71 83.63B 13.55 23.03% 83.91B 116.25 80.60 77.90% 3,379,160 4,142,160 4.65 6.20 2 
2013/09/03 19:00:55 111.01 3.98 1.66 18.71 83.63B 13.55 23.03% 83.91B 116.25 80.60 77.90% 3,379,160 4,142,160 4.65 6.20 4.75 11.88 25.98% 33.70% 7.10% 23.25 4.50% 14.35B 7.06B 4.59B 5.93 -0.60% 29.23 23.92B 116.13 5.18B 2.46B 0.45 16.23% 107.73 101.75 753.36M 752.65M 5.06% 8.37M 2.70 1.10% 7.96M 2 
2013/09/04 03:25:00 111.01 4.06 1.69 18.71 83.63B 13.55 23.03% 83.91B 116.25 80.60 77.90% 3,352,600 4,769,580 4.74 6.20 4.75 11.88 25.98% 33.70% 7.10% 23.25 4.50% 14.35B 7.06B 4.59B 5.93 -0.60% 29.23 23.92B 116.13 5.18B 2.46B 0.45 16.84% 107.92 102.20 753.36M 752.65M 5.06% 8.37M 2.70 1.10% 7.96M 2 