
2013/06/11 00:21:40 76.45 8.49 1.40 52.01 30.23B 29.40 14.78% 39.57B 85.26 65.24 94.50% 2,185,900 3,650,930 10.45 1.21 0 
2013/06/12 00:37:15 75.82 8.24 1.40 51.58 29.99B 29.16 14.78% 39.57B 85.26 65.68 94.50% 2,213,810 3,629,210 10.14 1.21 0 
2013/06/13 00:26:01 74.60 8.17 1.35 50.75 29.50B 28.69 14.78% 39.57B 85.26 65.80 94.50% 2,234,400 3,647,180 10.05 1.21 0 
2013/06/14 08:11:29 76.48 8.24 1.36 52.03 30.25B 29.42 14.78% 37.92B 85.26 66.89 94.50% 2,247,300 3,623,900 10.14 1.21 0 
2013/06/17 00:09:44 77.33 8.24 1.36 52.61 30.58B 29.74 14.78% 39.00B 85.26 66.99 94.50% 2,276,700 3,650,290 10.14 1.21 0 
2013/06/18 00:54:54 76.92 8.33 1.36 52.33 30.42B 29.58 14.78% 39.00B 85.26 66.99 94.50% 2,276,050 3,533,270 10.26 1.21 0 
2013/06/18 23:26:50 77.29 8.29 1.36 52.58 30.57B 29.73 14.78% 39.00B 85.26 66.99 94.50% 2,276,190 3,351,130 10.20 1.21 0 
2013/06/20 00:05:08 74.44 8.33 1.36 50.64 29.44B 28.63 14.78% 39.00B 85.26 66.99 94.50% 2,295,050 3,424,300 10.25 1.21 0 
2013/06/21 01:21:20 70.44 8.02 1.33 47.92 27.86B 27.09 14.78% 39.00B 85.26 66.99 94.50% 2,384,560 3,863,510 9.87 1.21 0 
2013/06/24 00:28:33 71.99 7.59 1.25 48.97 28.47B 27.69 14.78% 36.88B 85.26 66.99 94.60% 2,427,730 4,188,590 9.34 1.21 0 
2013/06/25 00:26:58 71.09 7.76 1.25 48.36 28.12B 27.34 14.78% 36.88B 85.26 67.32 94.60% 2,468,940 4,517,000 9.55 1.21 0 
2013/06/26 01:39:19 72.90 7.66 1.27 49.59 28.83B 28.04 14.78% 36.88B 85.26 68.31 94.60% 2,504,240 4,458,500 9.43 1.21 0 
2013/06/27 01:04:11 73.83 7.85 1.30 50.22 29.20B 28.40 14.78% 36.88B 85.26 68.31 94.60% 2,518,960 4,326,320 9.67 1.21 0 
2013/06/28 00:23:57 74.23 7.95 1.31 50.50 29.36B 28.55 14.78% 36.88B 85.26 68.65 94.60% 2,548,710 4,423,200 9.79 1.21 0 
2013/07/18 22:36:54 74.44 7.96 1.33 50.64 29.44B 28.74 14.78% 39.20B 85.26 68.65 94.60% 3,477,040 7,494,490 9.80 1.21 0 
2013/07/20 12:51:48 75.13 8.02 1.36 51.11 29.71B 29.01 14.78% 39.20B 85.26 68.65 94.60% 3,577,610 7,893,580 9.87 1.21 0 
2013/07/21 22:35:40 75.13 8.02 1.36 51.11 29.71B 29.01 14.78% 38.13B 85.26 68.65 94.60% 3,577,610 7,893,580 9.87 1.21 0 
2013/07/23 17:25:50 74.75 8.01 1.34 50.85 29.56B 28.86 14.78% 38.13B 85.26 68.65 94.60% 3,615,350 8,607,380 9.86 1.21 0 
2013/07/26 17:33:24 72.58 7.79 1.31 49.37 28.70B 28.13 14.78% 38.13B 85.26 68.87 94.60% 3,688,540 7,211,510 9.59 1.21 0 
2013/08/10 18:03:22 70.16 7.75 1.61 43.85 27.72B 27.62 16.75% 36.26B 85.26 68.03 94.60% 4,036,470 4,437,750 8.81 1.19 0 
2013/08/11 12:36:25 70.16 7.75 1.61 43.85 27.72B 27.62 16.75% 36.12B 85.26 68.03 94.60% 4,036,470 4,437,750 8.81 1.19 0 
2013/08/20 22:54:55 69.38 7.68 1.56 43.36 27.40B 27.42 16.75% 35.50B 85.26 68.03 94.60% 4,171,860 2,998,510 8.73 1.19 0 
2013/08/22 20:53:02 68.88 7.75 1.56 43.05 27.21B 27.23 16.75% 35.50B 85.26 67.89 94.60% 4,176,590 2,714,740 8.81 1.19 0 
2013/08/23 10:44:36 69.14 7.74 1.56 43.19 27.31B 27.31 16.75% 35.50B 85.26 67.89 94.60% 4,176,590 2,714,740 8.80 1.19 0 
2013/08/24 19:48:42 70.06 7.74 1.57 43.79 27.67B 27.69 16.75% 35.50B 85.26 67.89 94.60% 4,173,500 2,589,060 8.80 1.19 0 
2013/08/25 23:07:27 70.06 7.74 1.57 43.79 27.67B 27.69 16.75% 36.08B 85.26 67.89 94.60% 4,173,500 2,589,060 8.80 1.19 0 
2013/08/27 01:01:06 69.94 7.87 1.57 43.71 27.63B 27.64 16.75% 36.08B 85.26 67.89 94.60% 4,186,370 2,317,150 8.95 1.19 0 
2013/08/27 01:18:38 69.94 7.87 1.57 43.71 27.63B 27.64 16.75% 36.08B 85.26 67.89 94.60% 4,186,370 2,317,150 8.95 1.19 11.67 N/A 0 
2013/08/30 23:05:37 69.49 7.83 1.56 43.43 27.45B 27.47 16.75% 36.08B 85.26 67.89 94.60% 4,161,390 2,524,540 8.90 1.19 0 
2013/09/01 18:59:49 69.49 7.83 1.56 43.43 27.45B 27.47 16.75% 35.94B 85.26 67.89 94.60% 4,174,430 2,587,560 8.90 1.19 0 
2013/09/01 22:35:06 69.49 7.83 1.56 43.43 27.45B 27.47 16.75% 35.94B 85.26 67.89 94.60% 4,174,430 2,587,560 8.90 1.19 0 
2013/09/03 17:35:44 69.23 7.80 1.56 43.27 27.35B 27.36 16.75% 35.94B 85.26 67.89 94.60% 4,174,430 2,587,560 8.87 1.19 0 
2013/09/03 18:01:09 69.23 7.80 1.56 43.27 27.35B 27.36 16.75% 35.94B 85.26 67.89 94.60% 4,174,430 2,587,560 8.87 1.19 0 
2013/09/03 19:00:56 69.23 7.80 1.56 43.27 27.35B 27.36 16.75% 35.94B 85.26 67.89 94.60% 4,174,430 2,587,560 8.87 1.19 11.62 18.60 20.66% 40.07% 5.73% 7.83 15.90% 2.15B 1.93B 639.00M 1.60 107.10% 1.14 8.86B 244.67 1.44B 1.15B 0.23 16.23% 71.14 76.28 395.00M 394.61M 0.08% 6.43M 1.30 1.60% 6.24M 0 
2013/09/04 03:25:02 69.23 7.78 1.55 43.27 27.35B 27.36 16.75% 35.94B 85.26 67.89 94.60% 4,154,310 2,649,030 8.84 1.19 11.62 18.60 20.66% 40.07% 5.73% 7.83 15.90% 2.15B 1.93B 639.00M 1.60 107.10% 1.14 8.86B 244.67 1.44B 1.15B 0.23 16.84% 70.94 76.27 395.00M 394.61M 0.08% 6.43M 1.30 1.60% 6.24M 0 