
2013/06/11 00:21:41 20.11 4.05 1.02 11.30 74.84B 9.96 31.72% 103.53B 27.60 18.26 N/A 9,683,460 5,909,670 1.24 0.78 4 
2013/06/12 00:37:16 19.93 4.04 1.02 11.20 74.17B 9.87 31.72% 103.53B 27.60 18.26 N/A 9,584,540 6,376,930 1.24 0.78 4 
2013/06/13 00:26:02 19.86 4.00 1.01 11.16 73.91B 9.83 31.72% 103.53B 27.60 18.26 N/A 9,399,810 6,547,760 1.23 0.78 4 
2013/06/14 08:11:31 19.97 4.01 1.01 11.22 74.32B 9.89 31.72% 102.30B 27.60 18.26 N/A 8,989,850 7,460,540 1.23 0.78 4 
2013/06/17 00:09:45 20.13 4.01 1.02 11.31 74.91B 9.97 31.72% 103.31B 27.60 18.26 N/A 8,952,210 7,358,620 1.23 0.78 4 
2013/06/18 00:54:55 20.07 4.04 1.02 11.28 74.69B 9.94 31.72% 103.31B 27.60 18.26 N/A 8,137,280 7,529,480 1.24 0.78 4 
2013/06/18 23:26:51 20.09 4.03 1.02 11.29 74.77B 9.95 31.72% 103.31B 27.60 18.26 N/A 8,001,490 6,985,670 1.23 0.78 4 
2013/06/20 00:05:09 19.47 4.03 1.02 10.94 72.46B 9.64 31.72% 103.31B 27.60 18.26 N/A 7,882,400 7,026,020 1.24 0.78 4 
2013/06/21 01:21:21 18.68 3.91 0.98 10.49 69.52B 9.25 31.72% 103.31B 27.60 18.26 N/A 7,940,140 7,538,170 1.20 0.78 4 
2013/06/24 00:28:34 19.01 3.75 0.96 10.68 70.75B 9.41 31.72% 99.14B 27.60 18.26 N/A 7,486,200 7,689,880 1.15 0.78 4 
2013/06/25 00:27:01 18.93 3.82 0.96 10.63 70.45B 9.37 31.72% 99.14B 27.60 18.26 N/A 7,265,320 6,625,570 1.17 0.78 4 
2013/06/26 01:39:21 19.40 3.80 0.96 10.90 72.20B 9.60 31.72% 99.14B 27.60 18.26 N/A 7,155,900 6,787,910 1.16 0.78 4 
2013/06/27 01:04:12 19.93 3.90 0.98 11.20 74.17B 9.87 31.72% 99.14B 27.60 18.26 N/A 6,946,880 6,855,960 1.19 0.78 4 
2013/06/28 00:23:59 21.03 4.00 1.01 11.81 78.26B 10.41 31.72% 99.14B 27.60 18.26 N/A 6,859,620 7,790,910 1.23 0.78 4 
2013/07/18 22:36:55 21.16 4.20 1.31 11.89 78.75B 11.08 31.72% 107.85B 27.28 18.26 N/A 6,896,620 7,781,950 1.29 0.78 4 
2013/07/20 12:51:57 20.79 4.25 1.30 11.68 77.37B 10.88 31.72% 107.85B 27.28 18.26 N/A 6,769,540 7,321,020 1.30 0.78 4 
2013/07/21 22:35:42 20.79 4.25 1.30 11.68 77.37B 10.88 31.72% 105.76B 27.28 18.26 N/A 6,769,540 7,321,020 1.30 0.78 4 
2013/07/23 17:25:51 21.29 4.23 1.32 11.96 79.23B 11.15 31.72% 105.76B 27.28 18.26 N/A 6,801,510 7,388,250 1.30 0.78 4 
2013/07/26 17:33:25 21.60 4.20 1.31 12.13 80.39B 11.25 31.72% 105.76B 27.28 18.26 N/A 6,659,310 6,967,800 1.29 0.78 4 
2013/08/10 18:03:23 20.97 5.16 1.31 11.52 75.71B 10.75 34.98% 109.27B 26.60 18.26 N/A 7,437,900 10,627,000 1.33 0.69 4 
2013/08/11 12:36:26 20.97 5.16 1.16 11.52 75.71B 10.87 34.98% 109.27B 26.60 18.26 N/A 7,437,900 10,627,000 1.33 0.69 4 
2013/08/20 22:54:56 20.39 4.57 1.24 11.20 73.62B 10.46 34.98% 107.35B 26.60 18.26 N/A 7,715,740 6,514,700 1.17 0.69 4 
2013/08/22 20:53:02 20.04 4.64 1.26 11.01 72.36B 10.22 34.98% 107.35B 26.60 18.26 N/A 7,728,660 5,965,620 1.19 0.69 4 
2013/08/23 10:44:38 20.28 4.64 1.16 11.10 73.22B 10.47 34.98% 109.27B 26.60 18.26 N/A 7,728,660 5,965,620 1.19 0.69 4 
2013/08/24 19:48:43 20.03 4.64 1.16 11.01 72.32B 10.38 34.98% 109.27B 26.60 18.26 N/A 7,720,220 5,964,540 1.19 0.69 4 
2013/08/25 23:07:29 20.03 4.64 1.16 11.01 72.32B 10.38 34.98% 109.27B 26.60 18.26 N/A 7,720,220 5,964,540 1.19 0.69 4 
2013/08/27 01:01:07 19.73 4.64 1.52 10.84 71.24B 10.17 34.98% 105.62B 26.60 18.26 N/A 7,746,940 6,674,270 1.19 0.69 4 
2013/08/27 01:18:39 19.73 4.64 1.52 10.84 71.24B 10.17 34.98% 105.62B 26.60 18.26 N/A 7,746,940 6,674,270 1.19 0.69 1.74 N/A 4 
2013/08/30 23:05:38 19.30 4.46 1.47 10.60 69.68B 10.00 34.98% 105.62B 26.60 18.26 N/A 7,737,490 6,739,760 1.14 0.69 4 
2013/09/01 18:59:50 19.30 4.46 1.48 10.60 69.68B 10.05 34.98% 102.84B 26.60 18.26 N/A 7,851,310 6,640,110 1.14 0.69 4 
2013/09/01 22:35:07 19.30 4.46 1.48 10.60 69.68B 10.05 34.98% 102.84B 26.60 18.26 N/A 7,851,310 6,640,110 1.14 0.69 4 
2013/09/03 17:35:46 19.24 4.47 1.48 10.57 69.47B 10.07 34.98% 102.84B 26.60 18.26 N/A 7,851,310 6,640,110 1.15 0.69 4 
2013/09/03 18:01:10 19.24 4.47 1.48 10.57 69.47B 10.07 34.98% 102.84B 26.60 18.26 N/A 7,851,310 6,640,110 1.15 0.69 4 
2013/09/03 19:00:57 19.24 4.47 1.48 10.57 69.47B 10.07 34.98% 102.84B 26.60 18.26 N/A 7,851,310 6,640,110 1.15 0.69 1.69 5.18 11.15% 19.72% 9.75% 16.40 1.60% 33.24B 19.87B 6.77B 1.82 7.90% 0.68 35.77B 219.85 12.97B 3.61B 1.18 16.23% 20.68 20.64 3.61B 1.31B N/A 26.77M 3.10 N/A 22.87M 4 
2013/09/04 03:25:03 19.24 4.45 1.48 10.57 69.47B 10.07 34.98% 102.84B 26.60 18.26 N/A 7,842,230 7,050,880 1.14 0.69 1.69 5.18 11.15% 19.72% 9.75% 16.40 1.60% 33.24B 19.87B 6.77B 1.82 7.90% 0.68 35.77B 219.85 12.97B 3.61B 1.18 16.84% 20.62 20.59 3.61B 1.31B N/A 26.77M 3.10 N/A 22.87M 4 