
2013/06/11 00:21:42 51.13 2.27 0.97 16.62 4.00B 12.94 14.46% 3.70B 55.23 28.64 97.20% 1,889,820 1,675,370 0.91 2.37 3 
2013/06/12 00:37:17 50.27 2.25 0.97 16.34 3.94B 12.73 14.46% 3.70B 55.23 28.64 97.20% 1,880,050 1,577,900 0.90 2.37 3 
2013/06/13 00:26:03 49.11 2.21 0.94 15.96 3.85B 12.43 14.46% 3.70B 55.23 28.64 97.20% 1,882,970 1,560,910 0.89 2.37 3 
2013/06/14 08:11:32 49.59 2.18 0.93 16.12 3.89B 12.55 14.46% 3.50B 55.23 28.64 97.20% 1,863,500 1,430,600 0.88 2.37 3 
2013/06/17 00:09:47 48.76 2.18 0.91 15.85 3.82B 12.34 14.46% 3.47B 55.23 28.64 97.20% 1,860,550 1,434,720 0.88 2.37 3 
2013/06/18 00:54:56 49.09 2.15 0.91 15.95 3.85B 12.43 14.46% 3.47B 55.23 28.64 97.20% 1,842,790 1,362,400 0.86 2.37 3 
2013/06/18 23:26:52 48.95 2.16 0.91 15.91 3.84B 12.39 14.46% 3.47B 55.23 28.64 97.20% 1,843,450 1,331,590 0.87 2.37 3 
2013/06/20 00:05:10 47.85 2.15 0.92 15.55 3.75B 12.11 14.46% 3.47B 55.23 28.64 97.20% 1,839,200 1,365,600 0.87 2.37 3 
2013/06/21 01:21:22 46.99 2.11 0.90 15.27 3.68B 11.90 14.46% 3.47B 55.23 28.64 97.20% 1,844,430 1,413,140 0.85 2.37 4 
2013/06/24 00:28:35 45.95 2.07 0.86 14.93 3.60B 11.66 14.46% 3.25B 55.23 28.64 98.50% 1,851,070 1,607,310 0.83 2.37 4 
2013/06/25 00:27:03 43.46 2.02 0.86 14.12 3.40B 11.03 14.46% 3.25B 55.23 28.64 98.50% 1,866,170 1,966,450 0.81 2.37 4 
2013/06/26 01:39:22 43.77 1.91 0.81 14.22 3.43B 11.11 14.46% 3.25B 55.23 28.64 98.50% 1,857,820 1,921,970 0.77 2.37 4 
2013/06/27 01:04:13 44.32 1.93 0.81 14.40 3.47B 11.25 14.46% 3.25B 55.23 28.64 98.50% 1,852,700 1,837,920 0.77 2.37 4 
2013/06/28 00:23:59 45.26 1.95 0.82 14.71 3.55B 11.49 14.46% 3.25B 55.23 28.64 98.50% 1,845,600 1,809,710 0.78 2.37 4 
2013/07/18 22:37:33 49.84 2.19 0.94 16.20 3.90B 12.65 14.46% 3.64B 55.23 28.64 98.50% 1,791,550 1,374,480 0.88 2.37 3 
2013/07/20 12:52:02 49.22 2.19 0.93 16.00 3.86B 12.49 14.46% 3.64B 55.23 28.64 98.50% 1,784,740 1,332,350 0.88 2.37 3 
2013/07/21 22:35:44 49.22 2.19 0.93 16.00 3.86B 12.49 14.46% 3.51B 55.23 28.64 98.50% 1,784,740 1,332,350 0.88 2.37 3 
2013/07/23 17:25:53 49.37 2.19 0.94 16.04 3.87B 12.53 14.46% 3.51B 55.23 28.64 98.50% 1,778,580 1,227,000 0.88 2.37 3 
2013/07/26 17:33:26 49.00 2.17 0.93 15.92 3.84B 12.44 14.46% 3.51B 55.23 28.64 98.50% 1,753,900 1,136,850 0.87 2.37 3 
2013/08/10 18:03:24 49.23 2.14 0.93 16.00 3.86B 12.49 14.46% 3.71B 55.23 30.06 98.50% 1,717,530 1,586,090 0.86 2.37 3 
2013/08/11 12:36:27 49.23 2.14 0.93 16.00 3.86B 12.49 14.46% 3.51B 55.23 30.06 98.50% 1,717,530 1,586,090 0.86 2.37 3 
2013/08/20 22:54:57 48.50 2.11 0.98 15.76 3.80B 12.37 14.46% 3.44B 55.23 30.06 98.50% 1,713,530 1,367,390 0.85 2.37 3 
2013/08/22 20:53:04 38.53 2.06 0.95 12.52 3.02B 9.83 14.46% 3.44B 55.23 30.06 98.50% 2,010,210 3,746,190 0.83 2.37 4 
2013/08/23 10:44:39 37.97 1.70 0.79 12.36 2.97B 9.70 14.46% 3.44B 55.23 30.06 98.50% 2,010,210 3,746,190 0.68 2.37 4 
2013/08/24 19:48:44 38.68 1.70 0.92 12.57 3.03B 10.96 14.46% 3.44B 55.23 30.06 98.50% 2,069,240 4,345,050 0.68 2.37 4 
2013/08/25 23:07:30 38.68 1.77 0.92 12.82 2.99B 10.96 14.53% 2.86B 55.23 30.06 98.50% 2,069,240 4,345,050 0.67 2.10 5 
2013/08/27 01:01:08 37.78 1.78 0.92 12.52 2.92B 10.70 14.53% 2.86B 55.23 30.06 98.50% 1,964,950 5,655,350 0.68 2.10 5 
2013/08/27 01:18:40 37.78 1.78 0.92 12.52 2.92B 10.70 14.53% 2.86B 55.23 30.06 98.50% 1,964,950 5,655,350 0.68 2.10 0.65 N/A 5 
2013/08/30 23:05:39 35.31 1.65 1.22 11.70 2.73B 11.21 14.53% 2.86B 55.23 30.06 98.50% 2,019,100 5,630,960 0.63 2.10 4 
2013/09/01 18:59:51 35.31 1.63 1.20 11.70 2.70B 11.32 14.53% 2.61B 55.23 30.06 98.50% 2,014,830 5,924,330 0.62 2.10 5 
2013/09/01 22:35:08 35.31 1.63 1.20 11.70 2.70B 11.32 14.53% 2.61B 55.23 30.06 98.50% 2,014,830 5,924,330 0.62 2.10 5 
2013/09/03 17:35:48 34.93 1.60 1.20 11.57 2.67B 11.20 14.53% 2.61B 55.23 30.06 98.50% 2,014,830 5,924,330 0.61 2.10 4 
2013/09/03 18:01:11 34.93 1.60 1.20 11.57 2.67B 11.20 14.53% 2.61B 55.23 30.06 98.50% 2,014,830 5,924,330 0.61 2.10 4 
2013/09/03 19:00:58 34.93 1.60 1.20 11.57 2.67B 11.20 14.53% 2.61B 55.23 30.06 98.50% 2,014,830 5,924,330 0.61 2.10 0.59 4.25 5.55% 8.62% 8.35% 55.93 -0.60% 2.82B 615.21M 245.43M 3.02 -26.70% 4.39 203.63M 12.09 N/A N/A 2.02 16.23% 47.05 48.39 76.38M 75.15M 2.09% 4.90M 3.70 7.50% 4.40M 4 
2013/09/04 03:25:05 34.93 1.58 1.20 11.57 2.67B 11.27 14.53% 2.61B 55.23 30.06 98.50% 2,031,580 3,431,120 0.60 2.10 0.59 4.25 5.55% 8.62% 8.35% 55.93 -0.60% 2.82B 615.21M 245.43M 3.02 -26.70% 4.39 203.63M 12.09 N/A N/A 2.02 16.84% 46.58 48.23 76.38M 75.15M 2.09% 4.90M 3.70 7.50% 4.40M 4 