
2013/06/11 00:21:45 65.17 2.67 1.40 21.05 20.15B 12.44 13.01% 24.35B 67.26 45.15 89.50% 1,916,580 1,547,480 1.75 1.07 2 
2013/06/12 00:37:20 65.20 2.66 1.40 21.06 20.16B 12.44 13.01% 24.35B 67.26 45.15 89.50% 1,882,010 1,475,260 1.74 1.07 2 
2013/06/13 00:26:07 64.84 2.66 1.40 20.94 20.04B 12.37 13.01% 24.35B 67.26 45.15 89.50% 1,856,630 1,408,510 1.74 1.07 2 
2013/06/14 08:11:36 65.53 2.67 1.38 21.15 20.26B 12.51 13.01% 24.13B 67.26 45.15 89.50% 1,842,680 1,298,690 1.75 1.07 2 
2013/06/17 00:09:50 64.89 2.67 1.38 20.94 20.06B 12.38 13.01% 24.14B 67.26 45.15 89.50% 1,815,380 1,254,090 1.75 1.07 2 
2013/06/18 00:54:59 65.38 2.65 1.38 21.10 20.21B 12.48 13.01% 24.14B 67.26 45.15 89.50% 1,792,620 1,197,030 1.74 1.07 2 
2013/06/18 23:26:55 65.63 2.67 1.38 21.18 20.29B 12.52 13.01% 24.14B 67.26 45.15 89.50% 1,748,160 1,202,940 1.75 1.07 2 
2013/06/20 00:05:14 63.89 2.68 1.38 20.62 19.75B 12.19 13.01% 24.14B 67.26 45.15 89.50% 1,722,680 1,231,750 1.76 1.07 2 
2013/06/21 01:21:25 62.86 2.61 1.37 20.28 19.43B 12.09 13.01% 24.14B 67.26 45.15 89.50% 1,679,320 1,223,750 1.71 1.07 2 
2013/06/24 00:28:39 63.26 2.56 1.35 20.41 19.56B 12.17 13.01% 23.64B 67.26 45.15 88.40% 1,662,610 1,272,810 1.68 1.07 2 
2013/06/25 00:27:06 62.84 2.58 1.35 20.28 19.43B 12.08 13.01% 23.64B 67.26 45.38 88.40% 1,650,040 1,293,450 1.69 1.07 2 
2013/06/26 01:39:27 63.69 2.56 1.35 20.55 19.69B 12.25 13.01% 23.64B 67.26 45.38 88.40% 1,634,690 1,327,810 1.68 1.07 2 
2013/06/27 01:04:16 64.44 2.60 1.37 20.79 19.92B 12.39 13.01% 23.64B 67.26 45.38 88.40% 1,623,010 1,303,980 1.70 1.07 2 
2013/06/28 00:24:02 64.96 2.63 1.37 20.96 20.08B 12.49 13.01% 23.64B 67.26 45.87 88.40% 1,614,130 1,227,240 1.72 1.07 2 
2013/07/18 22:37:37 67.51 2.75 1.44 21.78 20.87B 12.88 13.01% 24.80B 67.87 45.87 88.40% 1,561,760 1,047,410 1.80 1.07 2 
2013/07/20 12:53:40 67.48 2.75 1.44 21.77 20.86B 12.88 13.01% 24.80B 67.95 45.87 88.40% 1,538,360 1,036,880 1.81 1.07 2 
2013/07/21 22:35:49 67.48 2.75 1.44 21.77 20.86B 12.88 13.01% 24.94B 67.95 45.87 88.40% 1,538,360 1,036,880 1.81 1.07 2 
2013/07/23 17:25:57 67.06 2.75 1.44 21.64 20.73B 12.80 13.01% 24.94B 67.95 45.87 88.40% 1,527,340 1,055,080 1.81 1.07 2 
2013/07/26 17:33:30 67.53 2.76 1.44 21.79 20.88B 12.89 13.01% 24.94B 67.95 47.21 88.40% 1,516,880 1,061,150 1.81 1.07 2 
2013/08/10 18:03:30 69.08 2.81 1.44 22.08 21.24B 13.23 13.15% 25.31B 69.59 51.34 88.40% 1,380,830 1,562,660 1.82 1.08 2 
2013/08/11 12:36:30 69.08 2.81 1.44 22.08 21.24B 13.23 13.15% 25.31B 69.59 51.34 88.40% 1,380,830 1,562,660 1.82 1.08 2 
2013/08/20 22:55:00 68.51 2.79 1.42 21.90 21.06B 13.12 13.15% 25.09B 69.59 51.42 88.40% 1,400,650 1,697,400 1.81 1.08 2 
2013/08/22 20:53:07 68.60 2.77 1.42 21.92 21.09B 13.14 13.15% 25.09B 69.59 51.42 88.40% 1,408,240 1,646,330 1.80 1.08 2 
2013/08/23 10:44:42 68.58 2.79 1.44 21.92 21.09B 13.14 13.15% 25.31B 69.59 51.42 88.40% 1,408,240 1,646,330 1.81 1.08 2 
2013/08/24 19:48:48 68.50 2.79 1.43 21.89 21.06B 13.12 13.15% 25.09B 69.59 51.42 88.40% 1,397,030 1,672,820 1.81 1.08 2 
2013/08/25 23:07:33 68.50 2.79 1.43 21.89 21.06B 13.12 13.15% 25.13B 69.59 51.42 88.40% 1,397,030 1,672,820 1.81 1.08 2 
2013/08/27 01:01:14 67.76 2.79 1.43 21.66 20.83B 12.98 13.15% 25.13B 69.59 51.42 88.40% 1,399,650 1,588,180 1.81 1.08 2 
2013/08/30 23:05:42 66.38 2.72 1.39 21.21 20.41B 12.72 13.15% 25.13B 69.59 51.42 88.40% 1,387,110 1,570,100 1.77 1.08 2 
2013/09/01 18:59:54 66.38 2.72 1.39 21.21 20.41B 12.72 13.15% 24.65B 69.59 51.42 88.40% 1,332,280 1,408,600 1.77 1.08 2 
2013/09/01 22:35:12 66.38 2.72 1.39 21.21 20.41B 12.72 13.15% 24.65B 69.59 51.42 88.40% 1,332,280 1,408,600 1.77 1.08 2 
2013/09/03 17:35:51 66.69 2.70 1.39 21.31 20.50B 12.78 13.15% 24.65B 69.59 51.42 88.40% 1,332,280 1,408,600 1.75 1.08 2 
2013/09/03 18:01:15 66.69 2.70 1.39 21.31 20.50B 12.78 13.15% 24.65B 69.59 51.42 88.40% 1,332,280 1,408,600 1.75 1.08 2 
2013/09/03 19:01:01 66.69 2.70 1.39 21.31 20.50B 12.78 13.15% 24.65B 69.59 51.42 88.40% 1,332,280 1,408,600 1.75 1.08 2.12 10.82 8.69% 13.98% 3.34% 36.33 2.80% 11.51B 2.28B 1.01B 3.13 -2.00% 1.21 4.44B 58.27 1.54B 1.90B 1.01 16.23% 67.89 63.87 307.46M 305.57M 0.57% 4.04M 3.10 1.30% 3.10M 2 
2013/09/04 03:25:08 66.69 2.71 1.39 21.31 20.50B 12.78 13.15% 24.65B 69.59 51.42 88.40% 1,308,770 1,302,350 1.76 1.08 2.12 10.82 8.69% 13.98% 3.34% 36.33 2.80% 11.51B 2.28B 1.01B 3.13 -2.00% 1.21 4.44B 58.27 1.54B 1.90B 1.01 16.84% 67.86 64.04 307.46M 305.57M 0.57% 4.04M 3.10 1.30% 3.10M 2 