
2013/06/11 00:21:46 85.61 1.08 1.74 18.26 33.55B 9.02 6.23% 45.53B 94.87 67.91 83.60% 3,580,530 4,000,180 2.03 0.87 2 
2013/06/12 00:37:22 84.40 1.09 1.76 18.00 33.07B 8.90 6.23% 45.53B 94.87 67.91 83.60% 3,597,410 3,973,100 2.05 0.87 2 
2013/06/13 00:26:08 84.45 1.08 1.74 18.01 33.09B 8.91 6.23% 45.53B 94.87 67.91 83.60% 3,641,760 4,117,400 2.02 0.87 2 
2013/06/14 08:11:36 85.12 1.08 1.77 18.16 33.35B 9.08 6.23% 45.42B 94.87 67.91 83.60% 3,651,010 3,758,210 2.04 0.87 1 
2013/06/17 00:09:52 84.89 1.08 1.76 18.11 33.26B 9.05 6.23% 45.59B 94.87 67.91 83.60% 3,648,940 3,741,440 2.04 0.87 2 
2013/06/18 00:55:00 86.52 1.08 1.76 18.46 33.90B 9.22 6.23% 45.59B 94.87 67.91 83.60% 3,628,720 3,528,020 2.03 0.87 2 
2013/06/18 23:26:56 87.12 1.10 1.76 18.58 34.14B 9.29 6.23% 45.59B 94.87 67.91 83.60% 3,623,980 3,449,790 2.07 0.87 1 
2013/06/20 00:05:15 86.57 1.11 1.80 18.47 33.92B 9.22 6.23% 45.59B 94.87 67.91 83.60% 3,632,890 3,444,290 2.08 0.87 2 
2013/06/21 01:21:26 84.93 1.10 1.79 18.12 33.28B 9.04 6.23% 45.59B 94.87 67.91 83.60% 3,669,040 3,579,060 2.07 0.87 2 
2013/06/24 00:28:41 85.04 1.08 1.76 18.14 33.32B 9.06 6.23% 45.65B 94.87 67.91 84.40% 3,701,720 3,724,900 2.03 0.87 2 
2013/06/25 00:27:08 82.18 1.08 1.76 17.53 32.20B 8.75 6.23% 45.65B 94.87 67.91 84.40% 3,727,440 4,036,830 2.03 0.87 2 
2013/06/26 01:39:28 82.64 1.05 1.70 17.63 32.38B 8.80 6.23% 45.65B 94.87 67.91 84.40% 3,732,770 3,909,770 1.97 0.87 2 
2013/06/27 01:04:17 83.17 1.05 1.71 17.74 32.59B 8.86 6.23% 45.65B 94.87 67.91 84.40% 3,709,980 3,723,740 1.98 0.87 2 
2013/06/28 00:24:03 84.06 1.06 1.73 17.93 32.94B 8.98 6.23% 45.65B 94.87 67.91 84.40% 3,681,240 3,627,960 1.99 0.87 1 
2013/07/18 22:37:39 83.60 1.05 2.23 17.83 32.76B 9.18 6.23% 44.62B 94.87 67.91 84.40% 3,737,130 3,329,880 1.97 0.87 1 
2013/07/20 12:53:59 84.98 1.06 2.32 18.13 33.30B 9.54 6.23% 44.62B 94.87 67.91 84.40% 3,742,210 3,607,220 2.00 0.87 1 
2013/07/21 22:35:51 84.98 1.06 2.32 18.13 33.30B 9.54 6.23% 45.63B 94.87 67.91 84.40% 3,742,210 3,607,220 2.00 0.87 1 
2013/07/23 17:25:58 83.57 1.07 2.29 17.83 32.75B 9.39 6.23% 45.63B 94.87 67.91 84.40% 3,741,170 3,396,870 2.01 0.87 1 
2013/07/26 17:33:31 82.06 1.05 2.27 17.50 32.16B 9.40 6.23% 45.63B 94.87 67.91 84.40% 3,701,990 3,123,370 1.98 0.87 1 
2013/08/10 18:03:31 83.20 1.00 1.89 12.96 32.61B 9.99 8.20% 44.83B 94.87 67.91 84.40% 3,545,920 2,870,000 1.94 0.92 3 
2013/08/11 12:36:31 83.20 1.00 1.89 12.98 32.61B 9.99 8.20% 45.09B 94.87 67.91 84.40% 3,545,920 2,870,000 1.94 0.92 3 
2013/08/20 22:55:01 76.27 0.93 1.30 11.90 29.70B 9.10 8.20% 43.45B 94.87 67.91 84.40% 3,456,500 3,393,270 1.77 0.92 4 
2013/08/22 20:53:08 78.99 0.95 1.32 12.32 30.76B 9.36 8.20% 43.45B 94.87 67.91 84.40% 3,460,130 3,405,790 1.81 0.92 4 
2013/08/23 10:44:43 79.29 0.98 1.36 12.33 30.88B 9.44 8.20% 43.45B 94.87 67.91 84.40% 3,452,300 3,660,380 1.85 0.92 4 
2013/08/24 19:48:49 79.80 0.98 1.37 12.45 31.08B 9.53 8.20% 43.45B 94.87 67.91 84.40% 3,414,430 3,738,990 1.85 0.92 4 
2013/08/25 23:07:34 79.80 0.98 1.86 12.43 31.08B 9.58 8.20% 44.83B 94.87 67.91 84.40% 3,414,430 3,738,990 1.85 0.92 4 
2013/08/27 01:01:15 79.73 0.99 1.37 12.44 31.05B 9.53 8.20% 43.77B 94.87 67.91 84.40% 3,421,190 3,795,500 1.87 0.92 4 
2013/08/30 23:05:43 85.68 0.97 1.35 13.36 33.37B 10.24 8.20% 43.77B 94.87 67.91 84.40% 3,412,550 3,661,770 1.84 0.92 3 
2013/09/01 18:59:55 85.68 0.97 1.47 13.36 33.37B 10.45 8.20% 43.31B 94.87 67.91 84.40% 3,519,650 4,016,590 1.84 0.92 3 
2013/09/01 22:35:13 85.68 0.97 1.47 13.36 33.37B 10.45 8.20% 43.31B 94.87 67.91 84.40% 3,519,650 4,016,590 1.84 0.92 3 
2013/09/03 17:35:53 84.79 1.06 1.47 13.23 33.02B 10.34 8.20% 43.31B 94.87 67.91 84.40% 3,519,650 4,016,590 2.01 0.92 2 
2013/09/03 18:01:16 84.79 1.06 1.47 13.23 33.02B 10.34 8.20% 43.31B 94.87 67.91 84.40% 3,519,650 4,016,590 2.01 0.92 2 
2013/09/03 19:01:02 84.79 1.06 1.47 13.23 33.02B 10.34 8.20% 43.31B 94.87 67.91 84.40% 3,519,650 4,016,590 2.01 0.92 2.61 3.56 15.64% 38.82% 6.69% 42.47 3.90% 13.81B 12.16B 2.52B 6.41 190.70% 0.47 12.78B 39.04 9.08B -1.36B 1.74 16.23% 81.26 79.15 389.42M 387.44M 0.43% 6.73M 2.50 1.70% 12.49M 2 
2013/09/04 03:25:10 84.79 1.05 1.46 13.23 33.02B 10.48 8.20% 43.31B 94.87 67.91 84.40% 3,506,130 4,631,230 1.99 0.92 2.61 3.56 15.64% 38.82% 6.69% 42.47 3.90% 13.81B 12.16B 2.52B 6.41 190.70% 0.47 12.78B 39.04 9.08B -1.36B 1.74 16.84% 81.31 79.16 389.42M 387.44M 0.43% 6.73M 2.50 1.70% 12.49M 2 