
2013/06/11 00:21:47 88.08 2.09 0.93 63.97 44.17B 16.34 3.43% 55.19B 92.18 59.24 86.70% 3,262,840 2,488,220 3.24 1.80 0 
2013/06/12 00:37:23 86.20 2.09 0.93 62.60 43.23B 16.02 3.43% 55.19B 92.18 59.24 86.70% 3,266,920 2,506,430 3.24 1.80 0 
2013/06/13 00:26:10 85.88 2.05 0.93 62.37 43.07B 15.96 3.43% 55.19B 92.18 59.24 86.70% 3,251,780 2,482,550 3.18 1.80 0 
2013/06/14 08:11:38 87.45 2.08 0.92 63.51 43.85B 16.22 3.43% 54.14B 92.18 59.24 86.70% 3,253,950 2,402,590 3.22 1.80 0 
2013/06/17 00:09:53 86.11 2.08 0.91 62.53 43.18B 15.95 3.43% 54.26B 92.18 59.24 86.70% 3,224,280 2,334,680 3.22 1.80 0 
2013/06/18 00:55:01 87.05 2.05 0.91 63.22 43.65B 16.12 3.43% 54.26B 92.18 59.24 86.70% 3,190,100 2,206,950 3.17 1.80 0 
2013/06/18 23:26:58 87.00 2.07 0.91 63.18 43.63B 16.11 3.43% 54.26B 92.18 59.24 86.70% 3,190,130 2,298,660 3.21 1.80 0 
2013/06/20 00:05:16 86.26 2.07 0.91 62.64 43.26B 15.97 3.43% 54.26B 92.18 59.24 86.70% 3,190,810 2,343,680 3.20 1.80 0 
2013/06/21 01:21:27 83.11 2.05 0.91 60.36 41.68B 15.39 3.43% 54.26B 92.18 59.24 86.70% 3,160,170 2,570,640 3.18 1.80 0 
2013/06/24 00:28:42 83.44 1.98 0.88 60.60 41.84B 15.48 3.43% 52.92B 92.18 59.24 87.50% 3,176,390 2,758,390 3.06 1.80 0 
2013/06/25 00:27:09 82.97 1.98 0.88 60.25 41.61B 15.39 3.43% 52.92B 92.18 59.24 87.50% 3,193,800 3,262,450 3.07 1.80 0 
2013/06/26 01:39:30 85.08 1.97 0.88 61.79 42.67B 15.78 3.43% 52.92B 92.18 60.44 87.50% 3,212,040 3,409,930 3.06 1.80 0 
2013/06/27 01:04:18 86.34 2.02 0.90 62.70 43.30B 16.02 3.43% 52.92B 92.18 61.85 87.50% 3,222,670 3,483,920 3.13 1.80 0 
2013/06/28 00:24:04 86.03 2.05 0.91 62.48 43.14B 15.96 3.43% 52.92B 92.18 64.19 87.50% 3,213,490 3,502,180 3.18 1.80 0 
2013/07/18 22:37:40 90.26 2.11 0.95 65.55 45.26B 16.84 3.43% 56.56B 92.18 65.38 87.50% 2,996,200 2,762,010 3.27 1.80 0 
2013/07/20 12:54:08 92.85 2.15 0.99 67.43 46.56B 17.26 3.43% 56.56B 92.86 65.38 87.50% 2,991,290 3,042,010 3.32 1.80 0 
2013/07/21 22:35:53 92.85 2.15 0.99 67.43 46.56B 17.26 3.43% 57.64B 92.86 65.38 87.50% 2,991,290 3,042,010 3.32 1.80 0 
2013/07/23 17:25:59 91.15 2.16 0.97 66.19 45.71B 16.94 3.43% 57.64B 92.90 65.38 87.50% 3,002,080 3,182,420 3.35 1.80 0 
2013/07/26 17:33:32 88.51 2.13 0.95 64.28 44.39B 16.51 3.43% 57.64B 92.90 65.38 87.50% 2,955,930 3,038,360 3.30 1.80 0 
2013/08/10 18:03:32 89.80 2.05 0.95 26.50 45.14B 17.04 7.89% 55.32B 92.90 65.82 87.50% 2,971,730 2,909,800 3.28 1.58 0 
2013/08/11 12:36:33 89.80 2.05 0.95 26.50 45.14B 17.04 7.89% 54.98B 92.90 65.82 87.50% 2,971,730 2,909,800 3.28 1.58 0 
2013/08/20 22:55:02 89.79 2.02 0.94 26.49 45.14B 17.14 7.89% 55.85B 92.90 65.82 87.50% 2,937,680 2,852,730 3.23 1.58 0 
2013/08/22 20:53:09 89.26 2.01 0.93 26.34 44.87B 17.03 7.89% 55.85B 92.90 65.82 87.50% 2,907,850 2,635,080 3.21 1.58 0 
2013/08/23 10:44:44 89.67 2.02 0.94 26.35 45.08B 17.04 7.89% 55.85B 92.90 65.82 87.50% 2,907,850 2,635,080 3.24 1.58 0 
2013/08/24 19:48:50 89.80 2.02 0.94 26.50 45.14B 17.14 7.89% 55.85B 92.90 65.82 87.50% 2,863,080 2,600,710 3.24 1.58 0 
2013/08/25 23:07:35 89.80 2.02 0.94 26.50 45.14B 17.14 7.89% 54.98B 92.90 65.82 87.50% 2,863,080 2,600,710 3.24 1.58 0 
2013/08/27 01:01:16 91.02 2.03 0.94 26.86 45.76B 17.37 7.89% 54.98B 92.90 65.82 87.50% 2,867,250 2,348,600 3.26 1.58 0 
2013/08/30 23:05:44 91.42 2.08 0.96 26.98 45.96B 17.45 7.89% 54.98B 92.90 65.82 87.50% 2,852,780 2,524,620 3.33 1.58 0 
2013/09/01 18:59:56 91.42 2.08 0.96 26.98 45.96B 17.45 7.89% 55.91B 93.14 65.82 87.50% 2,832,990 2,569,560 3.33 1.58 0 
2013/09/01 22:35:15 91.42 2.08 0.96 26.98 45.96B 17.45 7.89% 55.91B 93.14 65.82 87.50% 2,832,990 2,569,560 3.33 1.58 0 
2013/09/03 17:35:54 92.71 2.07 0.96 27.36 46.61B 17.69 7.89% 55.91B 93.14 65.82 87.50% 2,832,990 2,569,560 3.32 1.58 0 
2013/09/03 18:01:17 92.71 2.07 0.96 27.36 46.61B 17.69 7.89% 55.91B 93.14 65.82 87.50% 2,832,990 2,569,560 3.32 1.58 0 
2013/09/03 19:01:03 92.71 2.07 0.95 27.36 46.61B 17.59 7.89% 55.32B 93.14 65.82 87.50% 2,832,990 2,569,560 3.32 1.58 3.99 7.14 12.37% 24.21% 3.86% 27.65 7.50% 10.72B 7.75B 1.70B 3.39 N/A 9.11 14.38B 60.64 9.45B 2.50B 1.90 16.23% 89.92 86.59 502.70M 501.46M 0.31% 7.58M 2.60 1.50% 6.99M 0 
2013/09/04 03:25:11 92.71 2.10 0.97 27.36 46.61B 17.69 7.89% 55.91B 93.14 65.82 87.50% 2,815,650 2,780,480 3.36 1.58 4.04 7.22 12.37% 24.21% 3.86% 27.65 7.50% 10.72B 7.75B 1.70B 3.39 N/A 9.11 14.38B 60.64 9.45B 2.50B 1.85 16.84% 90.02 86.71 502.70M 500.14M 0.31% 8.11M 2.70 1.60% 7.68M 0 