
2013/06/11 00:21:50 22.24 2.31 0.63 7.11 2.50B 10.02 30.76% 1.64B 38.34 15.98 96.20% 2,553,410 2,736,770 0.60 1.45 6 
2013/06/12 00:37:25 21.69 2.42 0.69 6.93 2.44B 9.81 30.76% 1.64B 38.34 15.98 96.20% 2,579,430 2,764,330 0.62 1.45 7 
2013/06/13 00:26:12 21.21 2.36 0.69 6.78 2.39B 9.60 30.76% 1.64B 38.34 15.98 96.20% 2,565,270 2,626,180 0.61 1.45 7 
2013/06/14 08:11:40 21.52 2.34 0.69 6.88 2.42B 9.74 30.76% 1.63B 38.34 15.98 96.20% 2,586,360 2,489,540 0.60 1.45 7 
2013/06/17 00:09:55 21.05 2.34 0.67 6.73 2.37B 9.52 30.76% 1.61B 38.34 15.98 96.20% 2,562,890 2,330,810 0.60 1.45 7 
2013/06/18 00:55:03 20.87 2.29 0.67 6.67 2.35B 9.44 30.76% 1.61B 38.34 15.98 96.20% 2,529,660 2,081,000 0.59 1.45 7 
2013/06/18 23:27:01 20.20 2.27 0.67 6.46 2.27B 9.14 30.76% 1.61B 38.34 15.98 96.20% 2,534,430 2,050,300 0.59 1.45 7 
2013/06/20 00:05:18 19.88 2.19 0.67 6.35 2.24B 9.00 30.76% 1.61B 38.34 15.98 96.20% 2,529,610 1,961,740 0.57 1.45 7 
2013/06/21 01:21:29 19.73 2.16 0.62 6.31 2.22B 8.93 30.76% 1.61B 38.34 15.98 96.20% 2,521,830 1,968,660 0.56 1.45 7 
2013/06/24 00:28:44 19.24 2.14 0.60 6.15 2.17B 8.71 30.76% 1.40B 38.34 15.98 95.80% 2,537,040 1,899,540 0.55 1.45 7 
2013/06/25 00:27:11 19.12 2.09 0.60 6.11 2.15B 8.65 30.76% 1.40B 38.34 15.98 95.80% 2,552,230 2,048,380 0.54 1.45 7 
2013/06/26 01:39:33 19.38 2.08 0.59 6.19 2.18B 8.77 30.76% 1.40B 38.34 15.98 95.80% 2,363,510 2,273,740 0.54 1.45 7 
2013/06/27 01:04:20 17.39 2.11 0.60 5.56 1.96B 7.87 30.76% 1.40B 38.34 15.98 95.80% 2,508,510 3,463,060 0.54 1.45 7 
2013/06/28 00:24:06 17.28 1.89 0.53 5.52 1.95B 9.24 30.76% 1.40B 38.34 15.98 95.80% 2,508,120 3,999,850 0.49 1.45 7 
2013/07/18 22:37:43 18.84 1.90 -0.34 7.02 2.13B 10.35 27.31% 1.28B 30.41 15.98 95.80% 2,905,650 3,106,400 0.55 1.58 11 
2013/07/20 12:54:29 18.37 1.91 -0.34 6.84 2.07B 10.09 27.31% 1.28B 30.41 15.98 95.80% 2,910,870 3,087,100 0.55 1.58 12 
2013/07/21 22:35:57 18.37 1.91 -0.34 6.84 2.07B 10.09 27.31% 1.27B 30.41 15.98 95.80% 2,910,870 3,087,100 0.55 1.58 12 
2013/07/23 17:26:04 18.40 1.86 -0.33 6.85 2.08B 10.11 27.31% 1.27B 30.41 15.98 95.80% 2,908,820 1,984,950 0.54 1.58 12 
2013/07/26 17:33:34 18.10 1.85 -0.33 6.74 2.04B 9.95 27.31% 1.27B 30.41 15.98 95.80% 2,861,220 1,787,420 0.54 1.58 12 
2013/08/10 18:03:35 20.15 2.10 -0.36 7.50 2.27B 11.19 27.31% 1.39B 30.41 15.98 95.80% 3,012,350 3,124,690 0.61 1.58 11 
2013/08/11 12:36:35 20.15 2.10 -0.36 7.50 2.27B 11.19 27.31% 1.47B 30.41 15.98 95.80% 3,012,350 3,124,690 0.61 1.58 11 
2013/08/20 22:55:04 18.91 1.89 -0.35 7.04 2.13B 10.51 27.31% 1.36B 30.41 15.98 95.80% 2,787,260 1,645,330 0.55 1.58 11 
2013/08/22 20:53:11 18.54 1.85 -0.35 6.91 2.09B 10.30 27.31% 1.36B 30.41 15.98 95.80% 2,742,570 1,572,270 0.54 1.58 12 
2013/08/23 10:44:46 18.42 1.88 -0.35 6.86 2.08B 10.24 27.31% 1.36B 30.41 15.98 95.80% 2,742,570 1,572,270 0.55 1.58 12 
2013/08/24 19:48:52 18.50 1.88 -0.33 6.89 2.09B 10.28 27.31% 1.36B 30.41 15.98 95.80% 2,720,660 1,464,790 0.55 1.58 12 
2013/08/25 23:07:38 18.50 1.88 -0.33 6.89 2.09B 10.28 27.31% 1.28B 30.41 15.98 95.80% 2,720,660 1,464,790 0.55 1.58 12 
2013/08/27 01:01:18 18.82 1.88 -0.33 7.01 2.12B 10.46 27.31% 1.28B 30.41 15.98 95.80% 2,721,790 1,355,970 0.54 1.58 11 
2013/08/30 23:05:46 18.57 1.89 -0.35 6.92 2.10B 10.32 27.31% 1.39B 30.41 15.98 95.80% 2,708,060 1,423,570 0.55 1.58 12 
2013/09/01 18:59:57 18.57 1.89 -0.33 6.92 2.10B 10.32 27.31% 1.30B 30.41 15.98 95.80% 2,719,110 1,452,890 0.55 1.58 12 
2013/09/01 22:35:24 18.57 1.89 -0.33 6.92 2.10B 10.32 27.31% 1.30B 30.41 15.98 95.80% 2,719,110 1,452,890 0.55 1.58 12 
2013/09/03 17:35:55 18.60 1.88 -0.33 6.93 2.10B 10.33 27.31% 1.30B 30.41 15.98 95.80% 2,719,110 1,452,890 0.55 1.58 12 
2013/09/03 18:01:20 18.60 1.88 -0.33 6.93 2.10B 10.33 27.31% 1.30B 30.41 15.98 95.80% 2,719,110 1,452,890 0.55 1.58 12 
2013/09/03 19:01:05 18.60 1.88 -0.33 6.93 2.10B 10.33 27.31% 1.30B 30.41 15.98 95.80% 2,719,110 1,452,890 0.55 1.58 0.34 1.71 7.89% 15.65% 16.08% 34.03 -15.60% 2.45B 757.99M 275.78M 2.69 -40.30% 7.90 87.64M 7.87 525.88M 447.50M 1.38 16.23% 18.99 18.61 112.83M 99.12M 17.68% 24.73M 11.20 25.30% 26.45M 12 
2013/09/04 03:25:13 18.60 1.89 -0.33 6.93 2.10B 10.33 27.31% 1.30B 30.41 15.98 95.80% 2,705,080 1,647,400 0.55 1.58 0.34 1.71 7.89% 15.65% 16.08% 34.03 -15.60% 2.45B 757.99M 275.78M 2.69 -40.30% 7.90 87.64M 7.87 525.88M 447.50M 1.38 16.84% 18.98 18.61 112.83M 99.12M 17.68% 24.73M 11.20 25.30% 26.45M 12 