
2013/06/11 00:22:06 11.50 1.10 1.29 23.05 8.65B 11.50 4.81% 9.21B 20.59 10.34 N/A 7,663,640 6,072,630 3.74 1.47 1 
2013/06/12 00:37:40 10.89 1.10 1.29 21.82 8.19B 10.89 4.81% 9.21B 20.59 10.34 N/A 7,742,830 6,412,360 3.74 1.47 1 
2013/06/13 00:26:26 11.21 1.04 1.22 22.46 8.43B 11.21 4.81% 9.21B 20.59 10.34 N/A 7,767,730 6,470,680 3.54 1.47 1 
2013/06/14 08:11:55 11.33 1.08 1.27 22.71 8.52B 11.33 4.81% 9.00B 20.59 10.34 N/A 7,762,490 6,269,280 3.69 1.47 1 
2013/06/17 00:10:14 11.25 1.08 1.26 22.55 8.46B 11.25 4.81% 9.03B 20.59 10.34 N/A 7,731,680 6,204,740 3.69 1.47 1 
2013/06/18 00:55:21 11.30 1.08 1.26 22.65 8.50B 11.30 4.81% 9.03B 20.59 10.34 N/A 7,678,760 5,478,920 3.66 1.47 1 
2013/06/18 23:27:19 10.69 1.08 1.26 21.42 8.04B 10.69 4.81% 9.03B 20.59 10.34 N/A 7,704,690 5,810,270 3.68 1.47 1 
2013/06/20 00:05:34 10.35 1.02 1.20 20.74 7.79B 10.35 4.81% 9.03B 20.59 10.32 N/A 7,691,460 6,079,780 3.48 1.47 1 
2013/06/21 01:21:43 9.33 0.99 1.16 18.70 7.02B 9.33 4.81% 9.03B 20.59 9.15 N/A 7,837,560 7,415,350 3.37 1.47 2 
2013/06/24 00:29:01 9.49 0.89 1.08 19.02 7.14B 9.49 4.81% 7.71B 20.59 9.15 N/A 7,826,470 7,269,090 3.04 1.47 2 
2013/06/25 00:27:30 9.03 0.91 1.08 18.10 6.79B 9.03 4.81% 7.71B 20.59 8.98 N/A 7,845,460 8,032,230 3.09 1.47 2 
2013/06/26 01:39:50 9.08 0.86 1.03 18.20 6.83B 9.08 4.81% 7.71B 20.59 8.92 N/A 7,833,970 7,830,040 2.94 1.47 2 
2013/06/27 01:04:36 8.60 0.86 1.03 17.23 6.47B 8.87 4.81% 7.71B 20.59 8.55 N/A 7,896,320 8,172,850 2.93 1.47 1 
2013/07/18 22:40:25 10.11 0.96 1.33 20.26 7.61B 13.13 4.81% 7.84B 20.59 8.55 N/A 7,591,660 6,774,810 3.26 1.47 1 
2013/07/20 12:56:58 10.50 0.97 1.39 21.04 7.90B 13.46 4.81% 7.84B 20.59 8.55 N/A 7,381,900 6,880,760 3.29 1.47 2 
2013/07/21 22:36:24 10.50 0.97 1.39 21.04 7.90B 13.46 4.81% 8.47B 20.59 8.55 N/A 7,381,900 6,880,760 3.29 1.47 1 
2013/07/23 17:26:18 11.39 1.08 1.49 22.83 8.57B 15.60 4.81% 8.47B 20.59 8.55 N/A 7,391,740 6,991,330 3.66 1.47 1 
2013/07/26 17:33:52 10.86 1.03 1.55 21.76 8.17B 15.97 4.81% 8.47B 20.59 8.55 N/A 7,490,920 8,862,500 3.51 1.47 0 
2013/08/10 18:03:50 9.81 0.94 1.58 22.81 7.38B 16.63 4.19% 7.90B 20.59 8.55 N/A 7,900,800 10,269,100 3.32 1.51 1 
2013/08/11 12:36:51 9.81 0.94 1.58 22.81 7.38B 16.63 4.19% 8.11B 20.59 8.55 N/A 7,900,800 10,269,100 3.32 1.51 1 
2013/08/20 22:55:18 11.68 1.10 1.83 27.16 8.79B 19.47 4.19% 9.20B 20.59 8.55 N/A 8,108,970 9,997,090 3.87 1.51 -1 
2013/08/22 20:53:38 11.62 1.09 1.82 27.02 8.75B 19.37 4.19% 9.20B 20.59 8.55 N/A 8,058,710 9,526,090 3.85 1.51 -1 
2013/08/23 10:45:01 12.06 1.13 1.87 27.98 9.08B 20.05 4.19% 9.20B 20.59 8.55 N/A 8,058,710 9,526,090 3.96 1.51 -1 
2013/08/24 19:49:10 11.98 1.13 1.93 27.86 9.02B 19.97 4.19% 9.20B 20.59 8.55 N/A 8,107,910 9,867,810 3.96 1.51 -1 
2013/08/25 23:07:53 11.98 1.13 1.93 27.86 9.02B 19.97 4.19% 9.74B 20.59 8.55 N/A 8,107,910 9,867,810 3.96 1.51 -1 
2013/08/27 01:01:32 12.06 1.16 1.93 28.05 9.08B 20.10 4.19% 9.74B 20.59 8.55 N/A 8,134,030 8,433,820 4.09 1.51 -1 
2013/08/30 23:06:03 11.38 1.12 1.86 26.47 8.57B 18.97 4.19% 9.74B 20.59 8.55 N/A 8,186,670 8,879,730 3.93 1.51 -1 
2013/09/01 19:00:13 11.38 1.12 1.84 26.47 8.57B 18.97 4.19% 9.29B 20.59 8.55 N/A 8,231,150 8,761,470 3.93 1.51 -1 
2013/09/02 13:15:18 11.38 1.12 1.84 26.47 8.57B 18.97 4.19% 9.29B 20.59 8.55 N/A 8,231,150 8,761,470 3.93 1.51 -1 
2013/09/03 17:36:12 11.50 1.10 1.84 26.74 8.66B 19.17 4.19% 9.29B 20.59 8.55 N/A 8,231,150 8,761,470 3.88 1.51 -1 
2013/09/03 18:01:34 11.50 1.10 1.84 26.74 8.66B 19.17 4.19% 9.29B 20.59 8.55 N/A 8,231,150 8,761,470 3.88 1.51 -1 
2013/09/03 19:01:21 11.50 1.10 1.84 26.74 8.66B 19.17 4.19% 9.29B 20.59 8.55 N/A 8,231,150 8,761,470 3.88 1.51 4.21 8.38 14.65% 32.28% 3.85% 2.94 -19.60% 1.12B 1.11B 323.32M 0.43 N/A 0.50 1.10B 14.13 1.10B -604.05M 0.57 16.23% 10.69 11.99 752.90M 749.09M N/A 6.86M 0.80 N/A 8.59M -1 
2013/09/04 03:25:29 11.50 1.11 1.85 26.74 8.66B 19.17 4.19% 9.29B 20.59 8.55 N/A 8,257,060 8,977,540 3.92 1.51 4.21 8.38 14.65% 32.28% 3.85% 2.94 -19.60% 1.12B 1.11B 323.32M 0.43 N/A 0.50 1.10B 14.13 1.10B -604.05M 0.57 16.84% 10.71 11.92 752.90M 749.09M N/A 6.86M 0.80 N/A 8.59M -1 