
2013/06/11 00:22:19 51.40 2.88 -1.01 11.37 64.25B 9.96 25.84% 66.50B 53.45 41.05 N/A 2,037,890 1,951,300 2.38 1.32 10 
2013/06/12 00:37:50 50.94 2.88 -1.01 11.27 63.67B 9.87 25.84% 66.50B 53.45 41.41 N/A 2,043,580 2,025,710 2.38 1.32 10 
2013/06/13 00:26:36 50.98 2.86 -1.01 11.28 63.72B 9.88 25.84% 66.50B 53.45 41.41 N/A 2,051,320 2,090,780 2.36 1.32 10 
2013/06/14 08:12:06 51.07 2.86 -1.01 11.30 63.84B 9.90 25.84% 65.91B 53.45 41.58 N/A 2,057,650 2,160,850 2.36 1.32 10 
2013/06/17 00:10:26 50.80 2.86 -1.01 11.24 63.50B 9.84 25.84% 65.68B 53.45 41.58 N/A 2,049,240 2,088,590 2.36 1.32 10 
2013/06/18 00:55:33 50.97 2.85 -1.01 11.27 63.71B 9.88 25.84% 65.68B 53.45 42.68 N/A 2,065,090 2,057,130 2.35 1.32 10 
2013/06/18 23:27:29 50.98 2.86 -1.01 11.28 63.72B 9.88 25.84% 65.68B 53.45 42.68 N/A 2,075,320 2,065,100 2.36 1.32 10 
2013/06/20 00:05:45 50.19 2.86 -1.00 11.10 62.74B 9.73 25.84% 65.68B 53.45 42.68 N/A 2,067,130 1,953,350 2.36 1.32 10 
2013/06/21 01:21:53 48.28 2.81 -1.00 10.68 60.35B 9.36 25.84% 65.68B 53.45 42.68 N/A 2,091,130 2,139,280 2.32 1.32 10 
2013/06/24 00:29:14 48.15 2.71 -0.95 10.65 60.19B 9.33 25.84% 62.37B 53.45 42.68 N/A 2,107,720 2,230,530 2.23 1.32 10 
2013/06/25 00:27:42 47.22 2.70 -0.95 10.44 59.03B 9.15 25.84% 62.37B 53.45 42.93 N/A 2,029,910 2,490,150 2.23 1.32 10 
2013/06/26 01:40:00 47.23 2.65 -0.95 10.45 59.04B 9.15 25.84% 62.37B 53.45 43.29 N/A 2,014,060 2,491,200 2.19 1.32 10 
2013/06/27 01:04:46 47.86 2.65 -0.93 10.59 59.83B 9.28 25.84% 62.37B 53.45 43.29 N/A 2,008,410 2,385,610 2.19 1.32 10 
2013/07/18 22:40:38 50.25 2.80 -0.97 11.11 62.81B 9.99 25.84% 64.16B 53.45 44.17 N/A 1,798,060 1,450,100 2.31 1.32 10 
2013/07/20 12:58:55 50.00 2.82 -0.99 11.06 62.50B 9.94 25.84% 64.16B 53.45 44.17 N/A 1,800,240 1,472,210 2.33 1.32 10 
2013/07/21 22:36:44 50.00 2.82 -0.99 11.06 62.50B 9.94 25.84% 64.68B 53.45 44.17 N/A 1,800,240 1,472,210 2.33 1.32 10 
2013/07/23 17:26:27 50.86 2.83 -0.99 11.25 63.57B 10.13 25.84% 64.68B 53.45 44.17 N/A 1,788,400 1,531,320 2.34 1.32 10 
2013/07/26 17:34:03 50.55 2.85 -1.00 11.18 63.19B 10.07 25.84% 64.68B 53.45 44.17 N/A 1,773,630 1,711,000 2.35 1.32 10 
2013/08/10 18:04:01 50.75 2.72 -0.98 12.95 63.54B 10.25 21.64% 65.38B 53.45 44.17 N/A 1,804,040 1,651,110 2.38 1.28 10 
2013/08/11 12:37:01 50.75 2.72 -0.98 12.95 63.54B 10.25 21.64% 64.90B 53.45 44.17 N/A 1,804,040 1,651,110 2.38 1.28 10 
2013/08/20 22:55:28 50.32 2.69 -0.98 12.84 63.00B 10.31 21.64% 63.95B 53.45 44.17 N/A 1,822,400 2,148,040 2.35 1.28 10 
2013/08/22 20:54:09 50.44 2.69 -0.98 12.87 63.15B 10.34 21.64% 63.95B 53.45 44.17 N/A 1,814,930 2,041,600 2.35 1.28 10 
2013/08/23 10:45:12 50.61 2.72 -0.98 12.90 63.36B 10.36 21.64% 63.95B 53.45 44.17 N/A 1,782,860 1,941,450 2.38 1.28 10 
2013/08/24 19:49:20 50.67 2.72 -0.99 12.93 63.44B 10.38 21.64% 63.95B 53.45 44.17 N/A 1,772,140 1,856,710 2.38 1.28 10 
2013/08/25 23:08:04 50.67 2.72 -0.99 12.93 63.44B 10.38 21.64% 64.80B 53.45 44.17 N/A 1,772,140 1,856,710 2.38 1.28 10 
2013/08/27 01:01:45 50.47 2.73 -0.99 12.88 63.19B 10.34 21.64% 64.80B 53.45 44.17 N/A 1,763,730 1,251,580 2.39 1.28 10 
2013/08/30 23:06:14 49.21 2.68 -0.98 12.56 61.61B 10.08 21.64% 64.80B 53.45 44.17 N/A 1,751,610 1,170,440 2.34 1.28 10 
2013/09/01 19:00:24 49.21 2.68 -0.98 12.56 61.61B 10.08 21.64% 62.97B 53.45 44.17 N/A 1,745,780 1,152,430 2.34 1.28 10 
2013/09/02 13:15:33 49.21 2.68 -0.98 12.56 61.61B 10.08 21.64% 62.97B 53.45 44.17 N/A 1,745,780 1,152,430 2.34 1.28 10 
2013/09/03 17:36:22 48.96 2.65 -0.98 12.49 61.30B 10.03 21.64% 62.97B 53.45 44.17 N/A 1,745,780 1,152,430 2.32 1.28 10 
2013/09/03 18:01:44 48.96 2.65 -0.98 12.49 61.30B 10.03 21.64% 62.97B 53.45 44.17 N/A 1,745,780 1,152,430 2.32 1.28 10 
2013/09/03 19:01:31 48.96 2.65 -0.98 12.49 61.30B 10.03 21.64% 62.97B 53.45 44.17 N/A 1,745,780 1,152,430 2.32 1.28 2.37 5.75 18.47% 31.56% 9.95% 21.28 -6.40% 22.58B 10.96B 4.91B 3.92 -48.50% 7.26 10.45B 44.64 7.96B 3.67B 0.79 16.23% 50.34 49.60 1.25B 1.25B N/A 2.93M 1.70 N/A 3.18M 10 
2013/09/04 03:25:39 48.96 2.64 -0.99 12.49 61.30B 9.89 21.64% 65.38B 53.45 44.17 N/A 1,745,990 1,232,270 2.31 1.28 2.46 5.94 18.47% 31.14% 9.82% 21.28 -6.40% 22.58B 11.01B 4.91B 3.92 -48.90% 7.26 10.39B 44.36 7.96B 3.84B 0.76 16.84% 50.32 49.68 1.25B 1.25B N/A 2.44M 1.30 N/A 3.53M 10 