
2013/06/11 00:22:20 102.24 10.42 1.11 19.19 77.57B 14.24 64.43% 75.12B 102.95 69.03 9.10% 4,955,400 4,884,300 0.96 1.30 6 
2013/06/12 00:37:51 101.75 10.39 1.14 19.10 77.20B 14.17 64.43% 75.12B 102.95 69.03 9.10% 4,925,030 4,635,700 0.96 1.30 6 
2013/06/13 00:26:38 100.88 10.34 1.14 18.94 76.54B 14.07 64.43% 75.12B 102.95 69.03 9.10% 4,867,780 4,423,300 0.95 1.30 6 
2013/06/14 08:12:07 102.16 10.38 1.13 19.18 77.51B 14.17 64.43% 73.90B 102.95 69.03 9.10% 4,810,370 4,123,750 0.95 1.30 6 
2013/06/17 00:10:28 101.83 10.38 1.13 19.12 77.26B 14.10 64.43% 74.62B 103.22 69.03 9.10% 4,793,440 4,145,580 0.95 1.30 6 
2013/06/18 00:55:34 103.03 10.35 1.13 19.34 78.17B 14.27 64.43% 74.62B 103.52 69.03 9.10% 4,731,130 3,727,730 0.95 1.30 6 
2013/06/18 23:27:31 104.08 10.47 1.13 19.54 78.96B 14.42 64.43% 74.62B 104.15 69.03 9.10% 4,719,120 3,771,730 0.96 1.30 6 
2013/06/20 00:05:46 102.25 10.58 1.16 19.19 77.58B 14.16 64.43% 74.62B 104.15 69.03 9.10% 4,700,460 3,823,620 0.97 1.30 6 
2013/06/21 01:21:55 99.64 10.39 1.14 18.70 75.59B 13.80 64.43% 74.62B 104.15 69.03 9.10% 4,752,510 4,207,040 0.96 1.30 6 
2013/06/24 00:29:15 99.98 10.13 1.11 18.77 75.85B 13.85 64.43% 73.22B 104.15 69.03 10.30% 4,856,520 5,105,120 0.93 1.30 6 
2013/06/25 00:27:43 97.85 10.16 1.11 18.37 74.24B 13.55 64.43% 73.22B 104.15 69.03 10.30% 4,899,390 5,911,470 0.93 1.30 6 
2013/06/26 01:40:01 98.67 9.94 1.11 18.52 74.86B 13.67 64.43% 73.22B 104.15 69.03 10.30% 4,899,850 5,575,240 0.91 1.30 6 
2013/06/27 01:04:48 100.75 10.03 1.10 18.91 76.44B 13.95 64.43% 73.22B 104.15 69.03 10.30% 4,902,720 5,536,750 0.92 1.30 6 
2013/07/18 22:40:40 107.63 10.65 1.16 20.20 81.66B 14.89 64.43% 74.65B 108.15 69.03 10.30% 5,773,360 10,971,700 0.98 1.30 6 
2013/07/20 12:59:11 106.96 10.94 1.14 20.08 81.15B 14.79 64.43% 74.65B 108.15 69.03 10.30% 5,768,120 11,221,700 1.01 1.30 6 
2013/07/21 22:36:46 106.96 10.94 1.14 20.08 81.15B 14.79 64.43% 78.51B 108.15 69.03 10.30% 5,768,120 11,221,700 1.01 1.30 6 
2013/07/23 17:26:29 107.79 10.86 1.11 20.23 81.78B 14.87 64.43% 78.51B 108.15 69.03 10.30% 5,766,850 6,858,000 1.00 1.30 6 
2013/07/26 17:34:05 105.60 10.84 1.25 19.82 80.12B 14.63 64.43% 78.51B 109.49 69.03 10.30% 5,765,950 5,756,290 1.00 1.30 6 
2013/08/10 18:04:02 105.33 10.60 1.25 19.26 79.47B 14.47 62.19% 76.70B 109.49 69.03 10.30% 5,659,810 4,076,300 0.96 1.31 6 
2013/08/11 12:37:02 105.33 10.60 1.25 19.26 79.47B 14.47 62.19% 74.76B 109.49 69.03 10.30% 5,659,810 4,076,300 0.96 1.31 6 
2013/08/20 22:55:30 104.63 10.49 1.25 19.13 78.94B 14.45 62.19% 73.36B 109.49 69.03 10.30% 5,515,540 3,811,400 0.95 1.31 6 
2013/08/22 20:54:13 105.14 10.41 1.24 19.22 79.32B 14.44 62.19% 73.36B 109.49 69.03 10.30% 5,503,520 3,790,680 0.94 1.31 6 
2013/08/23 10:45:13 105.15 10.53 1.24 19.20 79.33B 14.43 62.19% 73.36B 109.49 69.03 10.30% 5,416,920 3,669,050 0.96 1.31 6 
2013/08/24 19:49:21 105.48 10.53 1.26 19.29 79.58B 14.49 62.19% 73.36B 109.49 69.03 10.30% 5,355,060 3,598,780 0.96 1.31 6 
2013/08/25 23:08:05 105.48 10.53 1.26 19.29 79.58B 14.49 62.19% 74.88B 109.49 69.03 10.30% 5,355,060 3,598,780 0.96 1.31 6 
2013/08/27 01:01:46 105.53 10.57 1.26 19.30 79.62B 14.50 62.19% 74.88B 109.49 69.03 10.30% 5,288,400 3,160,170 0.96 1.31 6 
2013/08/30 23:06:15 103.92 10.51 1.25 19.00 78.40B 14.27 62.19% 74.88B 109.49 69.03 10.30% 5,274,160 3,331,930 0.95 1.31 6 
2013/09/01 19:00:25 103.92 10.51 1.24 19.00 78.40B 14.27 62.19% 74.46B 109.49 69.03 10.30% 5,192,580 3,052,390 0.95 1.31 6 
2013/09/02 13:15:34 103.92 10.51 1.24 19.00 78.40B 14.27 62.19% 74.46B 109.49 69.03 10.30% 5,192,580 3,052,390 0.95 1.31 6 
2013/09/03 17:36:24 105.01 10.41 1.24 19.20 79.22B 14.42 62.19% 74.46B 109.49 69.03 10.30% 5,192,580 3,052,390 0.94 1.31 6 
2013/09/03 18:01:46 105.01 10.41 1.24 19.20 79.22B 14.42 62.19% 74.46B 109.49 69.03 10.30% 5,192,580 3,052,390 0.94 1.31 6 
2013/09/03 19:01:32 105.01 10.41 1.24 19.20 79.22B 14.42 62.19% 74.46B 109.49 69.03 10.30% 5,192,580 3,052,390 0.94 1.31 0.90 9.33 5.06% 7.41% 4.43% 109.18 9.00% 13.05B 7.98B 4.20B 5.47 12.50% 18.93 9.58B 125.50 9.75B 3.42B 0.91 16.23% 105.46 95.00 754.44M 689.07M 0.08% 6.89M 1.40 N/A 7.77M 6 
2013/09/04 03:25:40 105.01 10.52 1.24 19.20 79.22B 14.42 62.19% 74.46B 109.49 69.03 10.30% 5,148,620 3,192,100 0.95 1.31 0.90 9.33 5.06% 7.41% 4.43% 109.18 9.00% 13.05B 7.98B 4.20B 5.47 12.50% 18.93 9.58B 125.50 9.75B 3.42B 0.91 16.84% 105.44 95.51 754.44M 689.07M 0.08% 6.89M 1.40 N/A 7.77M 6 