
2013/06/11 00:22:24 69.09 3.70 1.14 15.15 15.02B 12.32 25.94% 14.07B 75.84 54.33 79.60% 2,427,510 2,412,250 1.38 2.37 4 
2013/06/12 00:37:55 69.08 3.68 1.15 15.15 15.02B 12.31 25.94% 14.07B 75.84 54.33 79.60% 2,394,110 2,255,530 1.38 2.37 4 
2013/06/13 00:26:42 69.15 3.68 1.15 15.16 15.03B 12.33 25.94% 14.07B 75.84 54.33 79.60% 2,382,780 2,180,850 1.38 2.37 4 
2013/06/14 08:12:11 71.03 3.79 1.18 15.58 15.44B 12.66 25.94% 14.02B 75.84 54.33 79.60% 2,358,640 2,242,480 1.41 2.37 3 
2013/06/17 00:10:32 71.07 3.79 1.18 15.59 15.45B 12.67 25.94% 14.44B 75.84 54.33 79.60% 2,346,730 2,169,380 1.41 2.37 3 
2013/06/18 00:55:37 71.22 3.79 1.18 15.62 15.49B 12.70 25.94% 14.44B 75.84 54.33 79.60% 2,308,930 1,572,030 1.42 2.37 3 
2013/06/18 23:27:35 71.99 3.80 1.18 15.79 15.65B 12.83 25.94% 14.44B 75.08 54.33 79.60% 2,276,820 1,507,910 1.42 2.37 3 
2013/06/20 00:05:50 70.69 3.84 1.18 15.50 15.37B 12.60 25.94% 14.44B 72.36 54.33 79.60% 2,256,780 1,528,710 1.43 2.37 3 
2013/06/21 01:22:00 69.52 3.77 1.18 15.25 15.12B 12.39 25.94% 14.44B 72.36 54.33 79.60% 2,250,970 1,567,660 1.41 2.37 4 
2013/06/24 00:29:19 69.99 3.70 1.16 15.35 15.22B 12.45 25.94% 14.20B 72.36 54.33 94.50% 2,267,660 1,940,130 1.38 2.37 4 
2013/06/25 00:27:47 68.40 3.73 1.16 15.00 14.87B 12.17 25.94% 14.20B 72.36 54.33 94.50% 2,264,660 2,198,750 1.39 2.37 4 
2013/06/26 01:40:07 68.81 3.65 1.14 15.09 14.96B 12.22 25.94% 14.20B 72.36 54.33 94.50% 2,258,790 2,173,790 1.36 2.37 4 
2013/06/27 01:04:52 70.00 3.67 1.14 15.35 15.22B 12.43 25.94% 14.20B 72.36 54.33 94.50% 2,268,830 2,265,980 1.37 2.37 4 
2013/07/18 22:41:05 75.71 4.11 1.27 16.41 16.49B 13.47 26.23% 15.79B 77.00 54.33 94.50% 1,964,130 1,577,460 1.46 2.24 3 
2013/07/20 12:59:54 76.18 4.12 1.27 16.51 16.59B 13.56 26.23% 15.79B 77.00 54.33 94.50% 1,954,960 1,387,120 1.46 2.24 3 
2013/07/21 22:36:53 76.18 4.04 1.27 16.51 16.29B 13.56 26.23% 15.37B 77.00 54.33 94.50% 1,954,960 1,387,120 1.43 2.24 3 
2013/07/23 17:26:33 76.11 4.09 1.29 16.49 16.28B 13.54 26.23% 15.37B 77.07 54.33 94.50% 1,954,430 1,327,230 1.45 2.24 3 
2013/07/26 17:34:08 75.30 4.08 1.29 16.32 16.10B 13.42 26.23% 15.37B 77.07 54.33 94.50% 1,928,920 1,408,010 1.44 2.24 3 
2013/08/10 18:04:05 76.03 4.10 1.31 16.47 16.26B 13.58 26.23% 15.65B 78.25 54.33 94.50% 1,813,720 1,405,700 1.45 2.24 3 
2013/08/11 12:37:06 76.03 4.10 1.31 16.47 16.26B 13.58 26.23% 15.34B 78.25 54.33 94.50% 1,813,720 1,405,700 1.45 2.24 3 
2013/08/20 22:55:33 74.36 3.91 1.26 16.11 15.90B 13.28 26.23% 14.79B 78.25 54.33 94.50% 1,763,710 1,588,310 1.39 2.24 3 
2013/08/22 20:54:23 74.39 3.93 1.25 16.12 15.91B 13.28 26.23% 14.79B 78.25 54.33 94.50% 1,733,200 1,438,610 1.39 2.24 3 
2013/08/23 10:45:17 73.58 3.97 1.27 15.96 15.74B 13.15 26.23% 14.79B 78.25 54.33 94.50% 1,723,760 1,397,000 1.41 2.24 3 
2013/08/24 19:49:24 74.41 3.97 1.27 16.12 15.91B 13.29 26.23% 14.79B 78.25 54.33 94.50% 1,708,720 1,419,810 1.41 2.24 3 
2013/08/25 23:08:09 74.41 3.97 1.27 16.12 15.91B 13.29 26.23% 14.99B 78.25 54.33 94.50% 1,708,720 1,419,810 1.41 2.24 3 
2013/08/27 01:01:50 74.63 3.97 1.27 16.17 15.96B 13.33 26.23% 14.99B 78.25 54.33 94.50% 1,703,010 1,142,300 1.41 2.24 3 
2013/08/30 23:06:19 73.74 3.95 1.26 15.98 15.77B 13.17 26.23% 14.99B 78.25 54.33 94.50% 1,696,980 1,166,440 1.40 2.24 3 
2013/09/01 19:00:30 73.74 3.95 1.26 15.98 15.77B 13.17 26.23% 14.90B 78.25 54.33 94.50% 1,677,500 1,105,740 1.40 2.24 3 
2013/09/02 13:15:47 73.74 3.95 1.26 15.98 15.77B 13.17 26.23% 14.90B 78.25 54.33 94.50% 1,677,500 1,105,740 1.40 2.24 3 
2013/09/03 17:36:27 73.76 3.94 1.26 15.98 15.77B 13.17 26.23% 14.90B 78.25 54.33 94.50% 1,677,500 1,105,740 1.39 2.24 3 
2013/09/03 18:01:50 73.76 3.94 1.26 15.98 15.77B 13.17 26.23% 14.90B 78.25 54.33 94.50% 1,677,500 1,105,740 1.39 2.24 3 
2013/09/03 19:01:36 73.76 3.94 1.26 15.98 15.77B 13.17 26.23% 14.90B 78.25 54.33 94.50% 1,677,500 1,105,740 1.39 2.24 1.32 8.05 9.14% 14.57% 16.97% 51.12 17.80% 4.39B 1.85B 1.03B 4.62 -2.10% 4.31 0.00 N/A 1.19B 714.31M 0.78 16.23% 75.42 68.53 213.85M 207.67M 2.94% 9.90M 6.90 6.00% 10.19M 3 
2013/09/04 03:25:43 73.76 3.94 1.26 15.98 15.77B 13.17 26.23% 14.90B 78.25 54.33 94.50% 1,665,350 1,118,330 1.39 2.24 1.32 8.05 9.14% 14.57% 16.97% 51.12 17.80% 4.39B 1.85B 1.03B 4.62 -2.10% 4.31 0.00 N/A 1.19B 714.31M 0.78 16.84% 75.34 68.79 213.85M 207.67M 2.94% 9.90M 6.90 6.00% 10.19M 3 