
2013/06/11 00:22:45 46.23 1.19 1.27 17.06 20.43B 11.36 7.13% 24.53B 50.97 37.08 90.90% 3,548,500 3,129,800 0.97 2.41 1 
2013/06/12 00:38:13 45.47 1.19 1.29 16.78 20.09B 11.20 7.13% 24.53B 50.97 37.08 90.90% 3,548,430 3,161,300 0.96 2.41 1 
2013/06/13 00:27:00 45.35 1.17 1.29 16.73 20.04B 11.17 7.13% 24.53B 50.97 37.08 90.90% 3,535,860 3,149,450 0.95 2.41 1 
2013/06/14 08:12:31 46.95 1.20 1.31 17.32 20.74B 11.56 7.13% 24.03B 50.97 37.08 90.90% 3,563,030 3,257,480 0.98 2.41 1 
2013/06/17 00:10:56 46.03 1.20 1.10 16.99 20.34B 11.34 7.13% 24.33B 50.97 37.08 90.90% 3,572,220 3,502,900 0.98 2.41 1 
2013/06/18 00:55:57 46.43 1.18 1.10 17.13 20.51B 11.44 7.13% 24.33B 50.97 37.08 90.90% 3,514,960 3,413,120 0.96 2.41 1 
2013/06/18 23:27:56 46.75 1.19 1.10 17.25 20.66B 11.51 7.13% 24.33B 50.97 37.08 90.90% 3,481,280 3,221,670 0.97 2.41 1 
2013/06/20 00:06:10 45.89 1.20 1.10 16.93 20.28B 11.30 7.13% 24.33B 50.97 37.08 90.90% 3,410,210 3,112,210 0.97 2.41 1 
2013/06/21 01:22:21 44.92 1.18 1.10 16.58 19.85B 11.06 7.13% 24.33B 50.97 37.08 90.90% 3,395,120 3,278,310 0.95 2.41 1 
2013/06/24 00:29:40 44.87 1.15 0.88 16.56 19.82B 11.02 7.13% 23.82B 50.97 37.08 91.80% 3,410,340 3,417,260 0.93 2.41 1 
2013/06/25 00:28:09 44.33 1.15 0.88 16.36 19.59B 10.89 7.13% 23.82B 50.97 37.08 91.80% 3,430,130 3,360,680 0.93 2.41 1 
2013/06/26 01:40:26 45.08 1.14 0.87 16.63 19.92B 11.08 7.13% 23.82B 50.97 38.14 91.80% 3,427,370 3,302,270 0.92 2.41 1 
2013/06/27 01:05:12 45.31 1.16 0.88 16.72 20.02B 11.13 7.13% 23.82B 50.97 38.14 91.80% 3,409,740 3,190,600 0.94 2.41 1 
2013/07/18 22:41:29 49.08 1.25 0.96 18.11 21.68B 12.03 7.13% 25.71B 50.97 39.44 91.80% 3,253,040 3,199,690 1.02 2.41 1 
2013/07/20 13:03:03 47.80 1.26 0.94 17.64 21.12B 11.72 7.13% 25.71B 50.97 39.44 91.80% 3,299,290 4,207,480 1.02 2.41 1 
2013/07/21 22:37:28 47.80 1.23 0.94 21.23 21.18B 11.72 5.89% 24.96B 50.97 39.44 91.80% 3,299,290 4,207,480 1.02 2.42 1 
2013/07/23 17:26:50 47.75 1.19 0.95 21.20 21.15B 11.73 5.89% 24.96B 50.97 39.44 91.80% 3,295,290 4,674,050 0.98 2.42 1 
2013/07/26 17:34:54 47.98 1.19 0.96 21.31 21.26B 11.73 5.89% 24.96B 50.97 39.44 91.80% 3,197,480 4,538,630 0.98 2.42 1 
2013/08/10 18:04:26 47.44 1.22 0.97 21.07 21.02B 11.60 5.89% 25.24B 50.97 39.44 91.80% 3,158,630 2,454,820 0.99 2.42 1 
2013/08/11 12:37:25 47.44 1.22 0.97 21.07 21.02B 11.60 5.89% 24.80B 50.97 39.44 91.80% 3,158,630 2,454,820 0.99 2.42 1 
2013/08/20 22:55:53 46.84 1.18 0.91 20.80 20.75B 11.42 5.89% 24.55B 50.97 39.44 91.80% 3,183,260 2,539,460 0.96 2.42 1 
2013/08/22 20:55:20 47.12 1.17 0.96 20.92 20.88B 11.52 5.89% 25.24B 50.97 39.44 91.80% 3,175,250 2,550,910 0.96 2.42 1 
2013/08/23 10:45:36 47.45 1.20 0.93 21.00 21.02B 11.54 5.89% 24.55B 50.97 39.44 91.80% 3,112,140 2,628,290 0.98 2.42 1 
2013/08/24 19:49:48 47.51 1.20 0.93 21.10 21.05B 11.59 5.89% 24.55B 50.97 39.44 91.80% 3,115,890 2,597,750 0.98 2.42 1 
2013/08/25 23:08:29 47.51 1.20 0.93 21.10 21.05B 11.59 5.89% 24.83B 50.97 39.44 91.80% 3,115,890 2,597,750 0.98 2.42 1 
2013/08/27 01:02:11 47.25 1.21 0.93 20.98 20.93B 11.52 5.89% 24.83B 50.97 39.44 91.80% 3,114,230 2,396,550 0.98 2.42 1 
2013/08/30 23:06:38 46.49 1.19 0.92 20.64 20.60B 11.34 5.89% 24.83B 50.97 39.44 91.80% 3,121,970 2,571,000 0.97 2.42 1 
2013/09/01 19:00:50 46.49 1.19 0.92 20.64 20.60B 11.34 5.89% 24.45B 50.97 39.44 91.80% 3,080,570 2,689,440 0.97 2.42 1 
2013/09/02 13:16:28 46.49 1.19 0.92 20.64 20.60B 11.34 5.89% 24.45B 50.97 39.44 91.80% 3,080,570 2,689,440 0.97 2.42 1 
2013/09/03 17:36:46 46.85 1.18 0.91 20.80 20.76B 11.43 5.89% 24.45B 50.97 39.44 91.80% 3,080,570 2,689,440 0.96 2.42 1 
2013/09/03 18:02:11 46.85 1.18 0.91 20.80 20.76B 11.43 5.89% 24.45B 50.97 39.44 91.80% 3,080,570 2,689,440 0.96 2.42 1 
2013/09/03 19:01:53 46.85 1.18 0.91 20.80 20.76B 11.43 5.89% 24.45B 50.97 39.44 91.80% 3,080,570 2,689,440 0.96 2.42 1.14 6.90 4.67% 8.79% 4.39% 48.41 3.00% 4.00B 3.54B 1,000.00M 2.25 -45.30% 2.54 4.91B 27.85 2.79B 548.88M 1.73 16.23% 47.53 46.33 443.04M 441.53M 0.29% 9.90M 3.10 2.20% 10.00M 1 
2013/09/04 03:26:01 46.85 1.19 0.92 20.80 20.76B 11.43 5.89% 24.45B 50.97 39.44 91.80% 3,093,440 2,866,650 0.97 2.42 1.14 6.90 4.67% 8.79% 4.39% 48.41 3.00% 4.00B 3.54B 1,000.00M 2.25 -45.30% 2.54 4.91B 27.85 2.79B 548.88M 1.73 16.84% 47.47 46.33 443.04M 441.53M 0.29% 9.90M 3.10 2.20% 10.00M 1 