
2013/06/11 00:22:47 63.63 2.55 2.67 17.68 169.29B 17.72 14.59% 201.05B 80.54 60.73 N/A 2,559,730 2,449,770 2.55 1.13 1 
2013/06/12 00:38:14 62.45 2.53 2.65 17.36 166.15B 17.40 14.59% 201.05B 80.54 60.73 N/A 2,598,020 2,656,910 2.53 1.13 1 
2013/06/13 00:27:01 61.99 2.48 2.60 17.23 164.92B 17.27 14.59% 201.05B 80.54 60.73 N/A 2,582,480 2,523,260 2.48 1.13 1 
2013/06/14 08:12:32 63.60 2.53 2.65 17.68 169.21B 17.72 14.59% 195.14B 80.54 60.73 N/A 2,609,600 2,666,300 2.53 1.13 1 
2013/06/17 00:10:58 62.78 2.53 2.94 17.45 167.03B 18.30 14.59% 197.24B 80.54 60.73 N/A 2,605,330 2,629,170 2.53 1.13 1 
2013/06/18 00:55:59 63.27 2.50 2.94 17.58 168.33B 18.45 14.59% 197.24B 80.54 60.73 N/A 2,584,110 2,534,170 2.49 1.13 1 
2013/06/18 23:27:58 62.60 2.51 2.94 17.40 166.55B 18.25 14.59% 197.24B 80.54 60.73 N/A 2,596,720 2,554,790 2.51 1.13 1 
2013/06/20 00:06:11 60.86 2.49 2.93 16.91 161.92B 17.74 14.59% 197.24B 80.54 60.73 N/A 2,535,500 2,535,410 2.49 1.13 1 
2013/06/21 01:22:22 58.28 2.42 5.89 16.20 155.05B 17.99 14.59% 197.24B 80.54 58.18 N/A 2,563,670 2,738,870 2.42 1.13 1 
2013/06/24 00:29:41 58.92 2.32 5.70 16.38 156.76B 18.19 14.59% 186.97B 80.54 58.02 N/A 2,591,940 2,761,550 2.31 1.13 1 
2013/06/25 00:28:11 57.38 2.34 5.70 15.95 152.66B 17.71 14.59% 186.97B 80.54 56.58 N/A 2,611,630 2,958,520 2.34 1.13 1 
2013/06/26 01:40:28 58.10 2.28 5.70 16.15 154.58B 17.93 14.59% 186.97B 80.54 56.58 N/A 2,606,640 2,779,410 2.28 1.13 1 
2013/06/27 01:05:13 57.96 2.31 5.62 16.11 154.20B 17.89 14.59% 186.97B 80.54 56.58 N/A 2,606,920 2,760,140 2.31 1.13 1 
2013/07/18 22:41:35 63.16 2.52 3.58 17.55 168.04B 13.58 14.59% 191.66B 80.54 55.66 N/A 2,403,000 2,179,810 2.52 1.13 2 
2013/07/20 13:03:17 62.60 2.51 3.53 17.40 166.55B 13.46 14.59% 191.66B 80.54 55.66 N/A 2,403,410 2,138,060 2.51 1.13 2 
2013/07/21 22:37:31 62.60 2.51 3.53 17.40 166.55B 13.46 14.59% 196.76B 80.54 55.66 N/A 2,403,410 2,138,060 2.51 1.13 2 
2013/07/23 17:26:52 64.85 2.54 3.61 18.02 172.53B 13.95 14.59% 196.76B 80.54 55.66 N/A 2,385,420 1,702,320 2.54 1.13 2 
2013/07/26 17:34:55 64.29 2.54 3.60 17.87 171.04B 12.34 14.59% 196.76B 80.54 55.66 N/A 2,377,230 1,965,490 2.53 1.13 2 
2013/08/10 18:04:27 67.68 2.62 3.38 18.81 180.06B 11.36 14.59% 199.10B 80.54 55.66 N/A 2,277,600 2,025,540 2.62 1.13 2 
2013/08/11 12:37:26 67.68 2.62 2.20 18.81 180.06B 12.19 14.59% 210.28B 80.54 55.66 N/A 2,277,600 2,025,540 2.62 1.13 2 
2013/08/20 22:55:54 65.60 2.66 2.31 18.23 174.53B 11.93 14.59% 209.91B 80.54 55.66 N/A 2,213,620 1,858,160 2.66 1.13 2 
2013/08/22 20:55:21 64.62 2.52 1.83 17.96 171.92B 14.23 14.59% 209.91B 80.54 55.66 N/A 2,233,500 2,087,910 2.52 1.13 2 
2013/08/23 10:45:37 65.09 2.57 1.87 18.00 173.17B 14.27 14.59% 209.91B 80.54 55.66 N/A 2,233,500 2,087,910 2.57 1.13 2 
2013/08/24 19:49:49 64.55 2.57 1.87 17.94 171.74B 14.22 14.59% 209.91B 80.54 55.66 N/A 2,205,950 1,982,410 2.57 1.13 2 
2013/08/25 23:08:31 64.55 2.43 1.87 15.84 171.80B 14.22 15.92% 200.75B 80.54 55.66 N/A 2,205,950 1,982,410 2.61 0.97 2 
2013/08/27 01:02:12 64.08 2.43 1.87 15.73 170.55B 14.11 15.92% 200.75B 80.54 55.66 N/A 2,199,750 2,117,930 2.60 0.97 2 
2013/08/30 23:06:39 63.28 2.37 1.81 15.53 168.42B 13.94 15.92% 200.75B 80.54 55.66 N/A 2,180,250 2,171,980 2.54 0.97 2 
2013/09/01 19:00:51 63.28 2.37 1.81 15.53 168.42B 13.94 15.92% 197.37B 80.54 55.66 N/A 2,169,300 1,718,270 2.54 0.97 2 
2013/09/02 13:16:30 63.28 2.37 1.81 15.53 168.42B 13.94 15.92% 197.37B 80.54 55.66 N/A 2,169,300 1,718,270 2.54 0.97 2 
2013/09/03 17:36:48 65.55 2.38 1.81 16.09 174.46B 14.44 15.92% 197.37B 80.54 55.66 N/A 2,169,300 1,718,270 2.55 0.97 2 
2013/09/03 18:02:12 65.55 2.38 1.81 16.09 174.46B 14.44 15.92% 197.37B 80.54 55.66 N/A 2,169,300 1,718,270 2.55 0.97 2 
2013/09/03 19:01:54 65.55 2.38 1.81 16.09 174.46B 14.44 15.92% 197.37B 80.54 55.66 N/A 2,169,300 1,718,270 2.55 0.97 2.99 7.42 16.49% 29.80% 9.19% 24.79 -2.90% 72.23B 26.60B 10.88B 4.07 21.20% 2.34 35.16B 48.82 18.25B -5.71B 1.66 16.23% 64.37 66.59 2.66B 2.65B N/A 12.72M 6.70 N/A 13.73M 2 
2013/09/04 03:26:02 65.55 2.47 1.89 16.09 174.46B 14.44 15.92% 197.37B 80.54 55.66 N/A 2,157,620 1,596,550 2.64 0.97 2.99 7.42 16.49% 29.80% 9.19% 24.79 -2.90% 72.23B 26.60B 10.88B 4.07 21.20% 2.34 35.16B 48.82 18.25B -5.71B 1.66 16.84% 64.51 66.30 2.66B 2.65B N/A 12.72M 6.70 N/A 13.73M 2 