
2013/06/11 00:22:54 37.25 2.18 1.97 14.85 1.45B 12.54 15.65% 1.46B 37.93 23.52 92.20% 719,892 540,400 1.76 4.68 3 
2013/06/12 00:38:21 37.20 2.18 1.97 14.83 1.45B 12.53 15.65% 1.46B 37.93 23.52 92.20% 722,370 527,143 1.76 4.68 3 
2013/06/13 00:27:07 37.15 2.18 1.97 14.81 1.44B 12.51 15.65% 1.46B 37.93 23.52 92.20% 722,778 497,062 1.76 4.68 3 
2013/06/14 08:12:38 37.27 2.18 1.97 14.86 1.45B 12.55 15.65% 1.45B 37.93 23.52 92.20% 723,225 442,288 1.76 4.68 3 
2013/06/17 00:11:05 37.19 2.18 1.97 14.83 1.45B 12.52 15.65% 1.45B 37.93 23.52 92.20% 723,166 379,388 1.76 4.68 3 
2013/06/18 00:56:05 37.26 2.18 1.97 14.86 1.45B 12.55 15.65% 1.45B 37.93 23.52 92.20% 722,233 326,667 1.76 4.68 3 
2013/06/18 23:28:05 37.28 2.18 1.97 14.86 1.45B 12.55 15.65% 1.45B 37.93 23.52 92.20% 723,644 315,486 1.76 4.68 3 
2013/06/20 00:06:18 37.30 2.18 1.97 14.87 1.45B 12.56 15.65% 1.45B 37.93 23.52 92.20% 723,805 295,450 1.76 4.68 3 
2013/06/21 01:22:29 37.21 2.18 1.97 14.84 1.45B 12.53 15.65% 1.45B 37.93 23.52 92.20% 727,286 273,262 1.77 4.68 3 
2013/06/24 00:29:47 37.19 2.18 1.96 14.83 1.45B 12.52 15.65% 1.45B 37.93 23.52 95.70% 732,847 290,650 1.76 4.68 3 
2013/06/25 00:28:21 37.32 2.18 1.96 14.88 1.45B 12.57 15.65% 1.45B 37.93 23.52 95.70% 737,819 343,333 1.76 4.68 3 
2013/06/26 01:40:33 37.28 2.19 2.00 14.86 1.45B 12.86 15.65% 1.45B 37.93 23.52 95.70% 737,044 323,143 1.77 4.68 3 
2013/06/27 01:05:20 37.14 2.18 2.00 14.81 1.44B 12.81 15.65% 1.45B 37.93 23.52 95.70% 739,189 317,750 1.76 4.68 3 
2013/07/18 22:41:58 37.28 2.18 2.00 14.86 1.45B 12.86 15.65% 1.45B 37.93 23.52 95.70% 793,441 406,675 1.76 4.68 3 
2013/07/20 13:04:26 37.30 2.18 2.00 14.87 1.45B 12.86 15.65% 1.45B 37.93 23.52 95.70% 795,356 317,688 1.76 4.68 3 
2013/07/21 22:37:42 37.30 2.18 2.00 14.87 1.45B 12.86 15.65% 1.46B 37.93 23.52 95.70% 795,356 317,688 1.76 4.68 3 
2013/07/23 17:26:58 37.26 2.18 2.00 14.86 1.45B 12.85 15.65% 1.46B 37.93 23.52 95.70% 797,943 277,017 1.76 4.68 3 
2013/07/26 17:35:02 37.30 2.18 2.00 14.87 1.45B 13.76 15.65% 1.46B 37.93 23.52 95.70% 492,254 271,300 1.76 4.68 3 
2013/08/10 18:04:33 37.32 2.19 2.02 14.88 1.45B 13.93 15.65% 1.46B 37.93 23.52 95.70% 409,738 250,812 1.77 4.68 3 
2013/08/11 12:37:33 37.32 2.19 2.02 14.88 1.45B 13.93 15.65% 1.46B 37.93 23.52 95.70% 409,738 250,812 1.77 4.68 3 
2013/08/20 22:56:00 37.18 2.16 1.74 16.67 1.45B 12.19 13.58% 1.43B 37.93 23.52 95.70% 366,092 211,029 1.78 3.52 2 
2013/08/22 20:55:27 37.51 2.16 1.74 16.82 1.46B 12.30 13.58% 1.43B 37.93 23.52 95.70% 369,606 263,538 1.79 3.52 2 
2013/08/23 10:45:44 37.50 2.18 1.74 16.81 1.46B 12.29 13.58% 1.43B 37.93 23.52 95.70% 364,062 272,238 1.80 3.52 2 
2013/08/24 19:49:55 37.49 2.18 1.80 16.81 1.46B 12.29 13.58% 1.43B 37.93 23.52 95.70% 390,275 555,612 1.80 3.52 2 
2013/08/25 23:08:37 37.49 2.18 1.80 16.81 1.46B 12.29 13.58% 1.44B 37.93 23.52 95.70% 390,275 555,612 1.80 3.52 2 