
2013/06/11 00:23:00 45.20 7.97 0.97 21.22 6.51B 11.05 29.24% 6.36B 47.98 35.48 79.70% 3,412,770 4,274,820 2.97 1.49 3 
2013/06/12 00:38:27 45.20 7.95 0.97 21.22 6.51B 11.05 29.24% 6.36B 47.98 35.48 79.70% 3,440,910 4,186,890 2.96 1.49 3 
2013/06/13 00:27:12 45.12 7.95 0.97 21.18 6.50B 11.03 29.24% 6.36B 47.98 35.48 79.70% 3,487,060 4,468,680 2.96 1.49 3 
2013/06/14 08:12:45 45.09 7.93 0.97 21.17 6.49B 11.02 29.24% 6.33B 47.98 35.48 79.70% 3,520,070 4,177,590 2.95 1.49 3 
2013/06/17 00:11:12 45.11 7.93 0.97 21.18 6.49B 11.03 29.24% 6.33B 47.98 35.48 79.70% 3,487,530 3,869,480 2.95 1.49 3 
2013/06/18 00:56:11 45.14 7.93 0.97 21.19 6.50B 11.04 29.24% 6.33B 47.98 35.48 79.70% 3,485,130 3,152,980 2.95 1.49 3 
2013/06/18 23:28:13 45.20 7.94 0.97 21.22 6.51B 11.05 29.24% 6.33B 47.98 35.48 79.70% 3,485,250 2,871,370 2.95 1.49 3 
2013/06/20 00:06:24 45.12 7.95 0.97 21.18 6.50B 11.03 29.24% 6.33B 47.98 35.48 79.70% 3,507,970 2,846,050 2.96 1.49 3 
2013/06/21 01:22:37 44.60 7.93 0.98 20.94 6.42B 10.96 29.24% 6.33B 47.98 35.48 79.70% 3,532,830 3,099,130 2.95 1.49 3 
2013/06/24 00:29:52 44.84 7.84 0.97 21.05 6.46B 11.02 29.24% 6.29B 47.98 35.48 82.20% 3,557,750 3,228,480 2.92 1.49 3 
2013/06/25 00:28:30 44.75 7.88 0.97 21.01 6.44B 11.00 29.24% 6.29B 47.98 35.48 82.20% 3,571,650 3,110,280 2.93 1.49 3 
2013/06/26 01:40:39 44.88 7.87 0.97 21.07 6.46B 11.03 29.24% 6.29B 47.98 35.48 82.20% 3,586,960 3,056,940 2.93 1.49 3 
2013/06/27 01:05:27 44.96 7.89 0.97 21.11 6.47B 11.05 29.24% 6.29B 47.98 35.48 82.20% 3,567,750 2,967,180 2.94 1.49 3 
2013/07/18 22:42:19 45.69 8.03 1.00 21.45 6.58B 11.17 29.24% 6.43B 47.98 35.48 82.20% 3,763,200 2,825,780 2.99 1.49 3 
2013/07/20 13:05:26 45.73 8.03 1.00 21.47 6.58B 11.18 29.24% 6.43B 47.98 35.48 82.20% 3,798,670 3,091,660 2.99 1.49 3 
2013/07/21 22:37:52 45.73 8.03 1.00 21.47 6.58B 11.18 29.24% 6.41B 47.98 35.48 82.20% 3,798,670 3,091,660 2.99 1.49 3 
2013/07/23 17:27:04 45.66 8.05 1.00 21.44 6.57B 11.16 29.24% 6.41B 47.98 35.48 82.20% 3,795,320 1,651,320 2.99 1.49 3 
2013/07/26 17:35:08 45.89 8.07 1.00 21.54 6.61B 11.22 29.24% 6.41B 47.98 35.48 82.20% 3,795,470 2,545,520 3.00 1.49 3 
2013/08/10 18:04:39 46.00 8.09 0.82 21.60 6.62B 11.53 29.24% 6.45B 47.98 38.04 82.20% 2,972,570 1,457,260 3.01 1.49 3 
2013/08/11 12:37:38 46.00 8.09 0.82 21.06 6.62B 11.53 28.87% 6.13B 47.98 38.04 82.20% 2,972,570 1,457,260 3.01 1.63 3 
2013/08/20 22:56:07 45.95 7.08 0.83 21.04 6.53B 11.55 28.87% 6.12B 47.98 38.04 82.20% 2,807,420 1,479,990 2.99 1.63 3 
2013/08/22 20:55:46 45.99 7.08 0.83 21.06 6.53B 11.56 28.87% 6.12B 47.98 38.04 82.20% 2,651,710 1,568,090 2.99 1.63 3 
2013/08/23 10:45:49 46.00 7.09 0.83 21.06 6.53B 11.56 28.87% 6.12B 47.98 38.04 82.20% 2,651,710 1,568,090 3.00 1.63 3 
2013/08/24 19:50:00 46.00 7.09 0.83 21.06 6.53B 11.56 28.87% 6.12B 47.98 38.04 82.20% 2,612,240 1,582,120 3.00 1.63 3 
2013/08/25 23:08:43 46.00 7.09 0.83 21.06 6.53B 11.56 28.87% 6.13B 47.98 38.04 82.20% 2,612,240 1,582,120 3.00 1.63 3 
2013/08/27 01:02:27 45.99 7.09 0.83 21.06 6.53B 11.56 28.87% 6.13B 47.98 38.04 82.20% 2,494,270 1,461,350 3.00 1.63 3 
2013/08/30 23:06:54 46.00 7.08 0.83 21.06 6.53B 11.56 28.87% 6.13B 47.98 38.04 82.20% 2,420,730 1,543,080 2.99 1.63 3 
2013/09/01 19:01:03 46.00 7.08 0.83 21.06 6.53B 11.56 28.87% 6.13B 47.98 38.04 82.20% 2,366,590 1,482,760 2.99 1.63 3 
2013/09/02 13:16:44 46.00 7.08 0.83 21.06 6.53B 11.56 28.87% 6.13B 47.98 38.04 82.20% 2,366,590 1,482,760 2.99 1.63 3 
2013/09/03 17:37:00 46.13 7.09 0.83 21.12 6.55B 11.59 28.87% 6.13B 47.98 38.04 82.20% 2,366,590 1,482,760 3.00 1.63 3 
2013/09/03 18:02:23 46.13 7.09 0.83 21.12 6.55B 11.59 28.87% 6.13B 47.98 38.04 82.20% 2,366,590 1,482,760 3.00 1.63 3 
2013/09/03 19:02:06 46.13 7.09 0.83 21.12 6.55B 11.59 28.87% 6.13B 47.98 38.04 82.20% 2,366,590 1,482,760 3.00 1.63 2.81 9.76 15.11% 23.31% 6.76% 14.72 -4.10% 1.61B 628.20M 329.40M 2.18 -3.00% 12.28 1.34B 145.80 812.60M 535.15M 0.61 16.23% 45.91 44.80 142.02M 119.76M 4.96% 2.63M 1.40 1.80% 2.74M 3 
2013/09/04 03:26:18 46.13 7.11 0.83 21.12 6.55B 11.59 28.87% 6.13B 47.98 38.04 82.20% 2,323,240 1,572,000 3.00 1.63 2.81 9.76 15.11% 23.31% 6.76% 14.72 -4.10% 1.61B 628.20M 329.40M 2.18 -3.00% 12.28 1.34B 145.80 812.60M 535.15M 0.61 16.84% 45.93 44.89 142.02M 119.76M 4.96% 2.63M 1.40 1.80% 2.74M 3 