
2013/06/11 00:23:03 47.31 5.71 3.23 53.58 77.71B 22.21 10.97% 83.38B 49.57 30.64 67.60% 11,388,300 15,640,500 4.82 1.20 1 
2013/06/12 00:38:29 47.29 5.69 3.25 53.56 77.68B 22.31 10.97% 83.38B 49.57 30.64 67.60% 11,428,800 14,735,100 4.80 1.20 1 
2013/06/13 00:27:14 46.57 5.69 3.25 52.74 76.49B 21.97 10.97% 83.38B 49.57 30.64 67.60% 11,389,000 13,998,400 4.79 1.20 1 
2013/06/14 08:12:48 47.17 5.67 3.24 53.42 77.48B 22.25 10.97% 81.85B 49.57 30.64 67.60% 11,390,100 11,639,400 4.78 1.20 1 
2013/06/17 00:11:15 46.80 5.67 3.24 53.00 76.87B 22.08 10.97% 82.23B 49.57 30.64 67.60% 11,330,900 11,184,000 4.78 1.20 1 
2013/06/18 00:56:13 46.44 5.63 3.24 52.59 76.28B 21.91 10.97% 82.23B 49.57 30.64 67.60% 11,257,300 8,512,430 4.74 1.20 1 
2013/06/18 23:28:16 46.85 5.58 3.24 53.06 76.95B 22.10 10.97% 82.23B 49.57 30.64 67.60% 11,228,100 8,318,590 4.71 1.20 1 
2013/06/20 00:06:26 46.05 5.63 3.22 52.15 75.64B 21.72 10.97% 82.23B 49.57 30.64 67.60% 11,199,100 8,257,010 4.75 1.20 1 
2013/06/21 01:22:39 44.58 5.54 3.16 50.49 73.22B 21.03 10.97% 82.23B 49.57 30.64 67.60% 11,219,500 8,731,740 4.67 1.20 1 
2013/06/24 00:29:54 45.73 5.36 3.08 51.79 75.11B 21.57 10.97% 80.47B 49.57 30.64 68.70% 11,262,100 9,617,710 4.52 1.20 1 
2013/06/25 00:28:33 45.47 5.50 3.08 51.49 74.69B 21.45 10.97% 80.47B 49.57 30.64 68.70% 11,034,500 10,183,700 4.64 1.20 1 
2013/06/26 01:40:41 45.18 5.47 3.14 51.17 74.21B 21.31 10.97% 80.47B 49.57 30.64 68.70% 10,733,200 9,721,630 4.61 1.20 1 
2013/06/27 01:05:30 46.47 5.43 3.12 52.63 76.33B 21.92 10.97% 80.47B 49.57 30.64 68.70% 10,707,100 9,636,540 4.58 1.20 1 
2013/07/18 22:42:34 43.95 5.35 3.09 49.77 72.19B 20.93 10.97% 80.61B 49.57 30.64 68.70% 10,691,500 6,920,510 4.51 1.20 1 
2013/07/20 13:05:42 44.19 5.28 2.99 50.05 72.58B 21.04 10.97% 80.61B 49.57 30.64 68.70% 10,705,500 7,297,450 4.46 1.20 1 
2013/07/21 22:37:56 44.19 5.28 2.99 50.05 72.58B 21.04 10.97% 77.95B 49.57 30.64 68.70% 10,705,500 7,297,450 4.46 1.20 1 
2013/07/23 17:27:06 45.19 5.41 3.05 51.18 74.23B 21.52 10.97% 77.95B 49.57 30.64 68.70% 10,648,800 7,210,900 4.56 1.20 1 
2013/07/26 17:35:10 44.22 5.28 3.01 50.08 72.63B 21.47 10.97% 77.95B 49.57 30.64 68.70% 10,581,100 7,823,700 4.45 1.20 1 
2013/08/10 18:04:41 43.69 5.04 3.08 53.35 71.93B 21.74 9.04% 76.60B 49.57 30.64 68.70% 10,309,200 6,185,860 4.58 1.25 0 
2013/08/11 12:37:43 43.69 5.04 3.08 53.35 71.93B 21.74 9.04% 76.35B 49.57 30.64 68.70% 10,309,200 6,185,860 4.58 1.25 0 
2013/08/20 22:56:09 41.57 4.81 2.94 50.76 68.44B 20.68 9.04% 73.04B 49.57 30.64 68.70% 9,288,430 6,650,460 4.37 1.25 0 
2013/08/22 20:55:53 41.66 4.73 2.91 50.87 68.59B 20.73 9.04% 73.04B 49.57 30.64 68.70% 9,164,790 6,440,230 4.30 1.25 0 
2013/08/23 10:45:52 42.08 4.77 2.91 51.25 69.29B 20.88 9.04% 73.04B 49.57 30.64 68.70% 8,911,960 6,473,050 4.34 1.25 0 
2013/08/24 19:50:03 42.24 4.77 2.92 51.58 69.54B 21.01 9.04% 73.04B 49.57 30.64 68.70% 8,820,860 6,426,890 4.34 1.25 0 
2013/08/25 23:08:45 42.24 4.77 2.92 51.58 69.54B 21.01 9.04% 73.97B 49.57 30.64 68.70% 8,820,860 6,426,890 4.34 1.25 0 
2013/08/27 01:02:30 42.42 4.84 2.92 51.79 69.84B 21.10 9.04% 73.97B 49.57 30.64 68.70% 8,741,770 6,352,720 4.40 1.25 0 
2013/08/30 23:06:57 41.69 4.79 2.93 50.90 68.64B 20.74 9.04% 73.97B 49.57 30.64 68.70% 8,700,020 6,306,330 4.35 1.25 0 
2013/09/01 19:01:06 41.69 4.79 2.92 50.90 68.64B 20.74 9.04% 73.22B 49.57 30.64 68.70% 8,360,520 5,842,890 4.35 1.25 0 
2013/09/02 13:16:46 41.69 4.79 2.92 50.90 68.64B 20.74 9.04% 73.22B 49.57 30.64 68.70% 8,360,520 5,842,890 4.35 1.25 0 
2013/09/03 17:37:02 41.72 4.78 2.92 50.94 68.68B 20.76 9.04% 73.22B 49.57 30.64 68.70% 8,360,520 5,842,890 4.34 1.25 0 
2013/09/03 18:02:25 41.72 4.78 2.92 50.94 68.68B 20.76 9.04% 73.22B 49.57 30.64 68.70% 8,360,520 5,842,890 4.34 1.25 0 
2013/09/03 19:02:08 41.72 4.78 2.92 50.94 68.68B 20.76 9.04% 73.22B 49.57 30.64 68.70% 8,360,520 5,842,890 4.34 1.25 4.63 17.91 8.60% 17.89% 5.21% 9.59 -8.90% 13.01B 4.09B 1.36B 0.82 -16.90% 1.70 7.22B 50.26 6.50B 1.75B 0.17 16.23% 43.27 42.27 1.65B 1.64B 0.10% 25.15M 3.60 1.50% 26.74M 0 
2013/09/04 03:26:23 41.72 4.78 2.92 50.94 68.68B 20.76 9.04% 73.22B 49.57 30.64 68.70% 8,011,450 5,775,670 4.35 1.25 4.63 17.91 8.60% 17.89% 5.21% 9.59 -8.90% 13.01B 4.09B 1.36B 0.82 -16.90% 1.70 7.22B 50.26 6.50B 1.75B 0.17 16.84% 43.17 42.39 1.65B 1.64B 0.10% 25.15M 3.60 1.50% 26.74M 0 