
2013/06/11 00:23:07 43.28 1.06 1.73 6.09 138.16B 7.46 18.32% 155.26B 45.45 37.46 N/A 5,678,990 4,414,180 0.37 1.38 5 
2013/06/12 00:38:33 43.09 1.06 1.74 6.07 137.55B 7.44 18.32% 155.26B 45.45 37.46 N/A 5,640,850 4,370,300 0.37 1.38 5 
2013/06/13 00:27:17 42.77 1.06 1.74 6.02 136.53B 7.39 18.32% 155.26B 45.45 37.46 N/A 5,617,420 4,327,710 0.37 1.38 5 
2013/06/14 08:12:51 43.09 1.06 1.73 6.07 137.55B 7.44 18.32% 154.68B 45.45 37.46 N/A 5,585,670 4,319,640 0.37 1.38 5 
2013/06/17 00:11:19 42.84 1.06 1.72 6.03 136.76B 7.37 18.32% 154.91B 45.45 37.46 N/A 5,550,850 4,246,080 0.37 1.38 5 
2013/06/18 00:56:17 43.26 1.05 1.72 6.09 138.10B 7.45 18.32% 154.91B 45.45 37.46 N/A 5,495,130 4,045,570 0.36 1.38 5 
2013/06/18 23:28:21 43.29 1.06 1.72 6.09 138.19B 7.45 18.32% 154.91B 45.45 37.46 N/A 5,462,500 3,840,860 0.37 1.38 5 
2013/06/20 00:06:29 42.60 1.06 1.72 6.00 135.99B 7.33 18.32% 154.91B 45.45 37.46 N/A 5,484,250 4,174,500 0.37 1.38 5 
2013/06/21 01:22:43 41.68 1.05 1.72 5.87 133.05B 7.17 18.32% 154.91B 45.45 37.46 N/A 5,554,240 4,782,620 0.36 1.38 5 
2013/06/24 00:29:58 41.72 1.02 1.68 5.87 133.18B 7.24 18.32% 151.33B 45.45 37.46 N/A 5,596,780 5,344,120 0.35 1.38 5 
2013/06/25 00:28:38 41.52 1.03 1.68 5.84 132.54B 7.21 18.32% 151.33B 45.45 37.56 N/A 5,552,350 6,425,520 0.36 1.38 5 
2013/06/26 01:40:45 41.68 1.02 1.67 5.87 133.05B 7.24 18.32% 151.33B 45.45 37.77 N/A 5,522,350 6,051,810 0.35 1.38 5 
2013/06/27 01:05:33 41.83 1.02 1.68 5.89 133.53B 7.26 18.32% 151.33B 45.45 37.81 N/A 5,463,160 5,594,800 0.35 1.38 5 
2013/07/18 22:42:53 42.71 1.05 1.69 6.01 136.34B 7.45 18.32% 152.83B 45.45 39.42 N/A 5,418,010 5,771,340 0.36 1.38 5 
2013/07/20 13:06:23 43.01 1.05 1.71 6.05 137.30B 7.53 18.32% 152.83B 45.45 39.42 N/A 5,361,980 5,540,840 0.36 1.38 5 
2013/07/21 22:38:02 43.01 1.05 1.71 6.05 137.30B 7.53 18.32% 155.45B 45.45 39.42 N/A 5,361,980 5,540,840 0.36 1.38 5 
2013/07/23 17:27:09 43.55 1.06 1.71 6.13 139.02B 7.63 18.32% 155.45B 45.45 39.42 N/A 5,331,000 4,854,950 0.37 1.38 5 
2013/07/26 17:35:13 43.58 1.07 1.73 6.13 139.12B 7.63 18.32% 155.45B 45.45 39.50 N/A 5,219,980 4,367,590 0.37 1.38 5 
2013/08/10 18:04:45 41.27 1.01 1.76 5.01 130.25B 7.63 21.79% 150.29B 45.45 39.58 N/A 5,188,770 5,092,110 0.35 1.39 6 
2013/08/11 12:37:47 41.27 1.01 1.76 5.01 130.25B 7.63 21.79% 148.21B 45.45 39.58 N/A 5,188,770 5,092,110 0.35 1.39 6 
2013/08/20 22:56:13 40.90 1.01 1.73 4.97 129.08B 7.66 21.79% 148.37B 45.45 39.58 N/A 5,147,400 4,319,560 0.35 1.39 6 
2013/08/22 20:56:10 40.91 0.99 1.71 4.97 129.11B 7.66 21.79% 148.37B 45.45 39.58 N/A 5,139,800 4,318,760 0.34 1.39 7 
2013/08/23 10:45:55 41.45 1.00 1.73 5.03 130.81B 7.75 21.79% 148.37B 45.45 39.58 N/A 5,106,080 4,211,640 0.34 1.39 6 
2013/08/24 19:50:06 41.51 1.00 1.73 5.04 131.00B 7.77 21.79% 148.37B 45.45 39.58 N/A 5,082,650 4,174,200 0.34 1.39 6 
2013/08/25 23:08:49 41.51 1.00 1.73 5.04 131.00B 7.77 21.79% 148.97B 45.45 39.58 N/A 5,082,650 4,174,200 0.34 1.39 6 
2013/08/27 01:02:40 41.36 1.02 1.73 5.02 130.53B 7.75 21.79% 148.97B 45.45 39.58 N/A 5,042,900 3,656,030 0.35 1.39 6 
2013/08/30 23:07:01 41.30 1.02 1.76 5.02 130.34B 7.79 21.79% 148.97B 45.45 39.58 N/A 5,017,230 3,615,810 0.35 1.39 6 
2013/09/01 19:01:09 41.30 1.02 1.75 5.02 130.34B 7.56 21.79% 150.29B 45.45 39.58 N/A 5,031,870 3,638,700 0.35 1.39 6 
2013/09/02 13:16:50 41.30 1.02 1.75 5.02 130.34B 7.81 21.79% 149.38B 45.45 39.58 N/A 5,031,870 3,638,700 0.35 1.39 6 
2013/09/03 17:37:05 41.33 1.01 1.75 5.02 130.43B 7.81 21.79% 149.38B 45.45 39.58 N/A 5,031,870 3,638,700 0.35 1.39 6 
2013/09/03 18:02:28 41.33 1.01 1.75 5.02 130.43B 7.81 21.79% 149.38B 45.45 39.58 N/A 5,031,870 3,638,700 0.35 1.39 6 
2013/09/03 19:02:13 41.33 1.01 1.75 5.02 130.43B 7.81 21.79% 149.38B 45.45 39.58 N/A 5,031,870 3,638,700 0.35 1.39 0.40 4.78 7.01% 4.30% 3.36% 117.85 -0.30% 48.43B 31.27B 26.24B 8.23 N/A 9.20 46.99B 36.11 21.90B 2.38B 1.65 16.23% 41.92 42.01 3.16B 3.15B N/A 5.53M 1.10 N/A 5.07M 6 
2013/09/04 03:26:27 41.33 1.01 1.75 5.02 130.43B 7.81 21.79% 149.38B 45.45 39.58 N/A 5,027,120 3,702,870 0.35 1.39 0.40 4.78 7.01% 4.30% 3.36% 117.85 -0.30% 48.43B 31.27B 26.24B 8.23 N/A 9.20 46.99B 36.11 21.90B 2.38B 1.65 16.84% 41.90 42.01 3.16B 3.15B N/A 5.53M 1.10 N/A 5.07M 6 