
2013/06/11 00:23:14 34.89 2.52 0.82 24.45 19.92B 11.11 11.02% 19.43B 37.85 28.60 84.40% 6,651,830 7,472,170 2.52 2.33 3 
2013/06/12 00:38:37 34.14 2.48 0.82 23.92 19.49B 10.87 11.02% 19.43B 37.85 28.60 84.40% 6,662,570 7,327,770 2.49 2.33 2 
2013/06/13 00:27:22 33.30 2.43 0.79 23.34 19.01B 10.61 11.02% 19.43B 37.85 28.60 84.40% 6,615,820 7,630,960 2.43 2.33 2 
2013/06/14 08:12:55 33.54 2.38 0.77 23.50 19.15B 10.68 11.02% 18.24B 37.85 28.60 84.40% 6,631,350 7,903,910 2.39 2.33 3 
2013/06/17 00:11:24 33.79 2.38 0.78 23.68 19.29B 10.76 11.02% 18.52B 37.85 28.60 84.40% 6,685,520 8,444,340 2.39 2.33 3 
2013/06/18 00:56:22 34.28 2.40 0.78 24.02 19.57B 10.92 11.02% 18.52B 37.85 28.60 84.40% 6,629,200 8,651,030 2.41 2.33 3 
2013/06/18 23:28:28 34.62 2.44 0.78 24.26 19.77B 11.03 11.02% 18.52B 37.85 28.60 84.40% 6,628,180 8,394,170 2.44 2.33 3 
2013/06/20 00:06:34 34.16 2.46 0.80 23.94 19.51B 10.91 11.02% 18.52B 37.85 28.60 84.40% 6,626,170 8,137,540 2.47 2.33 3 
2013/06/21 01:22:47 33.43 2.43 0.79 23.43 19.09B 10.68 11.02% 18.52B 37.85 28.60 84.40% 6,664,800 7,946,840 2.44 2.33 3 
2013/06/24 00:30:03 33.24 2.38 0.77 23.30 18.98B 10.62 11.02% 18.21B 37.85 28.60 85.80% 6,718,560 8,403,880 2.38 2.33 3 
2013/06/25 00:28:46 32.92 2.36 0.77 23.07 18.80B 10.52 11.02% 18.21B 37.85 28.60 85.80% 6,716,210 7,436,550 2.37 2.33 4 
2013/06/26 01:40:50 33.72 2.34 0.77 23.63 19.25B 10.77 11.02% 18.21B 37.85 28.60 85.80% 6,756,030 7,347,290 2.35 2.33 3 
2013/06/27 01:05:38 33.87 2.40 0.78 23.74 19.34B 10.82 11.02% 18.21B 37.85 28.60 85.80% 6,791,800 7,203,910 2.40 2.33 3 
2013/07/18 22:43:13 33.64 2.39 0.78 23.57 19.21B 10.75 11.02% 19.11B 37.85 29.95 85.80% 6,991,100 7,436,490 2.40 2.33 3 
2013/07/20 13:07:18 33.69 2.39 0.78 23.61 19.24B 10.76 11.02% 19.11B 37.85 29.95 85.80% 7,024,790 8,557,210 2.40 2.33 3 
2013/07/21 22:38:09 33.69 2.39 0.78 23.61 19.24B 10.76 11.02% 18.46B 37.85 29.95 85.80% 7,024,790 8,557,210 2.40 2.33 3 
2013/07/23 17:27:13 31.83 2.36 0.77 22.31 18.17B 10.17 11.02% 18.46B 37.85 29.95 85.80% 7,035,580 9,834,070 2.37 2.33 3 
2013/07/26 17:35:17 27.30 1.95 0.66 19.13 15.59B 9.35 11.02% 18.46B 37.85 26.63 85.80% 8,208,280 22,218,100 1.96 2.33 3 
2013/08/10 18:04:49 26.06 1.93 0.69 36.09 15.09B 9.21 5.47% 14.78B 37.85 26.03 85.80% 9,598,110 12,499,400 1.87 2.40 2 
2013/08/11 12:37:51 26.06 1.93 0.69 36.09 15.09B 9.21 5.47% 14.30B 37.85 26.03 85.80% 9,598,110 12,499,400 1.87 2.40 2 
2013/08/20 22:56:18 25.39 1.85 0.68 35.17 14.70B 8.97 5.47% 14.21B 37.85 23.25 85.80% 10,109,200 10,434,100 1.80 2.40 2 
2013/08/22 20:56:32 25.32 1.85 0.66 35.07 14.66B 8.98 5.47% 14.21B 37.85 23.25 85.80% 10,116,300 7,994,000 1.79 2.40 2 
2013/08/23 10:46:00 25.23 1.86 0.66 34.98 14.61B 8.96 5.47% 14.21B 37.85 23.25 85.80% 10,116,300 7,994,000 1.80 2.40 2 
2013/08/24 19:50:10 25.24 1.86 0.66 34.96 14.61B 8.95 5.47% 14.21B 37.85 23.25 85.80% 10,126,800 7,141,450 1.80 2.40 2 
2013/08/25 23:08:53 25.24 1.86 0.66 34.96 14.61B 8.95 5.47% 13.83B 37.85 23.25 85.80% 10,217,400 6,961,900 1.80 2.40 2 
2013/08/27 01:02:47 25.01 1.85 0.66 34.64 14.48B 8.87 5.47% 13.83B 37.85 23.25 85.80% 10,144,500 6,367,330 1.80 2.40 2 
2013/08/30 23:07:05 25.26 1.85 0.66 34.99 14.63B 8.96 5.47% 13.83B 37.85 23.25 85.80% 10,140,100 6,866,260 1.80 2.40 2 
2013/09/01 19:01:14 25.26 1.85 0.66 34.99 14.63B 8.96 5.47% 13.83B 37.85 23.25 85.80% 10,170,000 6,453,670 1.80 2.40 2 
2013/09/02 13:16:56 25.26 1.85 0.66 34.99 14.63B 8.96 5.47% 13.83B 37.85 23.25 85.80% 10,170,000 6,453,670 1.80 2.40 2 
2013/09/03 17:37:10 25.18 1.85 0.66 34.88 14.58B 8.93 5.47% 13.83B 37.85 23.25 85.80% 10,170,000 6,453,670 1.80 2.40 2 
2013/09/03 18:02:32 25.18 1.85 0.66 34.88 14.58B 8.93 5.47% 13.83B 37.85 23.25 85.80% 10,170,000 6,453,670 1.80 2.40 2 
2013/09/03 19:02:16 25.18 1.85 0.66 34.88 14.58B 8.93 5.47% 13.83B 37.85 23.25 85.80% 10,170,000 6,453,670 1.80 2.40 1.70 11.00 5.06% 10.07% 4.85% 14.28 6.40% 3.98B 1.26B 411.00M 0.72 N/A 4.29 1.69B 21.45 1.94B 1.30B 0.99 16.23% 27.72 32.85 579.00M 560.56M 0.28% 9.31M 0.60 1.80% 13.55M 2 
2013/09/04 03:26:31 25.18 1.85 0.66 34.88 14.58B 8.93 5.47% 13.83B 37.85 23.25 85.80% 10,157,500 7,062,700 1.79 2.40 1.70 11.00 5.06% 10.07% 4.85% 14.28 6.40% 3.98B 1.26B 411.00M 0.72 N/A 4.29 1.69B 21.45 1.94B 1.30B 0.99 16.84% 27.46 32.76 579.00M 560.56M 0.28% 9.31M 0.60 1.80% 13.55M 2 