
2013/06/11 00:23:15 22.49 2.73 1.21 39.11 19.57B 17.99 6.97% 23.66B 24.89 13.61 N/A 1,772,300 1,377,670 1.39 1.59 1 
2013/06/12 00:38:39 22.02 2.66 1.21 38.30 19.16B 17.62 6.97% 23.66B 24.89 13.61 N/A 1,724,520 1,442,530 1.36 1.59 1 
2013/06/13 00:27:22 21.74 2.60 1.21 37.81 18.92B 17.39 6.97% 23.66B 24.89 13.61 N/A 1,701,640 1,418,550 1.33 1.59 1 
2013/06/14 08:12:56 21.68 2.56 1.15 37.70 18.87B 17.34 6.97% 22.46B 24.89 13.61 N/A 1,686,530 1,425,080 1.31 1.59 1 
2013/06/17 00:11:25 21.49 2.56 1.15 37.37 18.70B 17.19 6.97% 22.24B 24.89 13.61 N/A 1,679,280 1,516,440 1.31 1.59 1 
2013/06/18 00:56:22 21.40 2.54 1.15 37.22 18.62B 17.12 6.97% 22.24B 24.89 13.61 N/A 1,458,110 1,618,370 1.30 1.59 1 
2013/06/18 23:28:29 21.39 2.53 1.15 37.20 18.62B 17.11 6.97% 22.24B 24.89 13.61 N/A 1,424,730 1,489,330 1.29 1.59 1 
2013/06/20 00:06:34 20.71 2.53 1.15 36.02 18.02B 16.57 6.97% 22.24B 24.89 13.61 N/A 1,421,300 1,518,560 1.29 1.59 1 
2013/06/21 01:22:48 20.49 2.45 1.08 35.63 17.83B 16.01 6.97% 22.24B 24.89 13.61 N/A 1,457,200 1,753,080 1.25 1.59 1 
2013/06/24 00:30:03 20.82 2.42 1.10 36.21 18.12B 7.41 6.97% 21.66B 24.89 13.61 N/A 1,484,150 1,909,880 1.24 1.59 1 
2013/06/25 00:28:47 20.94 2.46 1.10 36.42 18.22B 7.45 6.97% 21.66B 24.89 13.61 N/A 1,513,070 2,221,650 1.26 1.59 1 
2013/06/26 01:40:51 21.12 2.48 1.10 36.73 18.38B 7.52 6.97% 21.66B 24.89 13.61 N/A 1,524,560 2,169,040 1.26 1.59 1 
2013/06/27 01:05:39 21.72 2.50 1.11 37.77 18.90B 7.73 6.97% 21.66B 24.89 13.61 N/A 1,526,750 2,100,890 1.27 1.59 1 
2013/07/18 22:43:14 21.61 2.55 0.49 37.58 18.81B 7.50 6.97% 22.10B 24.89 13.69 N/A 1,471,660 1,168,310 1.30 1.59 1 
2013/07/20 13:07:23 21.55 2.56 0.49 37.48 18.76B 7.48 6.97% 22.10B 24.89 13.69 N/A 1,432,930 1,144,200 1.30 1.59 1 
2013/07/21 22:38:10 21.55 2.56 0.49 37.48 18.76B 7.48 6.97% 22.30B 24.89 13.69 N/A 1,432,930 1,144,200 1.30 1.59 1 
2013/07/23 17:27:14 21.84 2.57 0.50 37.98 19.01B 7.64 6.97% 22.30B 24.89 13.69 N/A 1,435,130 1,080,380 1.31 1.59 1 
2013/07/26 17:35:18 21.39 2.58 0.50 37.20 18.62B 7.48 6.97% 22.30B 24.89 13.77 N/A 1,432,430 1,080,590 1.31 1.59 1 
2013/08/10 18:04:50 22.27 2.66 0.53 32.32 19.39B 7.60 8.53% 22.84B 24.89 14.40 N/A 1,406,760 1,309,360 1.29 1.60 1 
2013/08/11 12:37:51 22.27 2.66 0.53 32.32 19.39B 7.60 8.53% 22.94B 24.89 14.40 N/A 1,406,760 1,309,360 1.29 1.60 1 
2013/08/20 22:56:19 23.32 2.87 0.56 33.85 20.31B 8.27 8.53% 24.04B 24.89 15.72 N/A 1,493,510 1,600,340 1.39 1.60 1 
2013/08/22 20:56:34 22.20 2.71 0.55 32.22 19.33B 7.74 8.53% 24.04B 24.89 15.72 N/A 1,499,030 1,521,850 1.31 1.60 1 
2013/08/23 10:46:00 22.62 2.71 0.55 32.77 19.70B 7.87 8.53% 24.04B 24.89 15.72 N/A 1,499,030 1,521,850 1.31 1.60 1 
2013/08/24 19:50:11 22.93 2.71 0.54 33.28 19.97B 7.99 8.53% 24.04B 24.89 15.72 N/A 1,483,920 1,448,150 1.31 1.60 1 
2013/08/25 23:08:54 22.93 2.71 0.54 33.28 19.97B 7.99 8.53% 23.51B 24.89 15.72 N/A 1,483,920 1,448,150 1.31 1.60 1 
2013/08/27 01:02:48 22.68 2.80 0.54 32.92 19.75B 7.90 8.53% 23.51B 24.89 15.72 N/A 1,465,310 1,093,280 1.35 1.60 1 
2013/08/30 23:07:06 23.21 2.78 0.52 33.69 20.21B 7.98 8.53% 23.51B 24.89 15.72 N/A 1,462,140 1,116,990 1.34 1.60 1 
2013/09/01 19:01:14 23.21 2.78 0.52 33.69 20.21B 7.98 8.53% 23.76B 24.89 15.96 N/A 1,445,660 1,126,990 1.34 1.60 1 
2013/09/02 13:16:56 23.21 2.78 0.52 33.69 20.21B 7.98 8.53% 23.76B 24.89 15.96 N/A 1,445,660 1,126,990 1.34 1.60 1 
2013/09/03 17:37:10 23.08 2.83 0.52 33.50 20.10B 7.93 8.53% 23.76B 24.89 15.96 N/A 1,445,660 1,126,990 1.37 1.60 1 
2013/09/03 18:02:33 23.08 2.83 0.52 33.50 20.10B 7.93 8.53% 23.76B 24.89 15.96 N/A 1,445,660 1,126,990 1.37 1.60 1 
2013/09/03 19:02:17 23.08 2.83 0.52 33.50 20.10B 7.93 8.53% 23.76B 24.89 15.96 N/A 1,445,660 1,126,990 1.37 1.60 1.61 15.31 4.06% 6.98% 4.17% 16.98 10.00% 3.15B 1.55B 599.46M 0.69 3,163.50% 1.44 4.80B 67.03 1.28B 30.13M 1.15 16.23% 22.18 22.48 870.82M 775.35M N/A 5.33M 4.20 N/A 4.51M 1 
2013/09/04 03:26:32 23.08 2.81 0.54 33.50 20.10B 7.93 8.53% 23.76B 24.89 15.96 N/A 1,440,630 1,247,120 1.36 1.60 1.61 15.31 4.06% 6.98% 4.17% 16.98 10.00% 3.15B 1.55B 599.46M 0.69 3,163.50% 1.44 4.80B 67.03 1.28B 30.13M 1.15 16.84% 22.22 22.51 870.82M 775.35M N/A 5.33M 4.20 N/A 4.51M 1 