
2013/06/11 00:23:27 17.71 1.22 1.26 7.77 4.50B 8.09 16.81% 4.51B 41.24 17.42 N/A 1,465,050 1,028,950 2.95 1.94 4 
2013/06/12 00:38:50 17.23 1.21 1.26 7.56 4.38B 7.87 16.81% 4.51B 41.24 17.20 N/A 1,473,160 1,097,200 2.92 1.94 4 
2013/06/13 00:27:31 17.57 1.17 1.26 7.71 4.47B 8.02 16.81% 4.51B 40.30 17.12 N/A 1,466,940 1,079,800 2.84 1.94 4 
2013/06/14 08:13:06 17.84 1.21 1.20 7.83 4.53B 8.15 16.81% 4.43B 40.30 17.12 N/A 1,461,280 991,450 2.94 1.94 5 
2013/06/17 00:11:36 17.53 1.21 1.20 7.69 4.46B 8.00 16.81% 4.42B 40.30 17.12 N/A 1,456,920 1,012,160 2.94 1.94 4 
2013/06/18 00:56:34 18.00 1.19 1.20 7.90 4.58B 8.22 16.81% 4.42B 40.30 17.12 N/A 1,405,070 1,154,570 2.89 1.94 5 
2013/06/18 23:28:42 17.75 1.23 1.20 7.79 4.51B 8.11 16.81% 4.42B 40.30 17.12 N/A 1,403,980 1,133,060 2.97 1.94 5 
2013/06/20 00:06:45 17.26 1.21 1.22 7.57 4.39B 7.88 16.81% 4.42B 40.09 17.12 N/A 1,408,680 1,186,450 2.93 1.94 4 
2013/06/21 01:22:59 16.20 1.17 1.18 7.11 4.12B 7.43 16.81% 4.42B 40.09 15.90 N/A 1,424,290 1,323,910 2.85 1.94 4 
2013/06/24 00:30:13 15.98 1.10 1.11 7.01 4.06B 7.33 16.81% 4.02B 40.09 15.04 N/A 1,500,560 1,844,890 2.67 1.94 4 
2013/06/25 00:29:04 15.04 1.09 1.11 6.60 3.82B 6.90 16.81% 4.02B 40.09 14.97 N/A 1,522,860 2,347,200 2.64 1.94 5 
2013/06/26 01:41:05 14.24 1.02 1.11 6.25 3.62B 6.53 16.81% 4.02B 40.09 14.21 N/A 1,556,920 2,434,070 2.48 1.94 5 
2013/06/27 01:05:48 13.46 0.97 1.01 5.91 3.42B 6.76 16.81% 4.02B 40.09 13.38 N/A 1,593,610 2,622,560 2.35 1.94 6 
2013/07/18 22:43:57 13.47 0.96 1.05 5.91 3.42B 7.79 16.81% 3.52B 40.09 13.33 N/A 1,727,240 2,170,290 2.32 1.94 6 
2013/07/20 13:08:46 13.55 0.92 1.09 5.95 3.44B 8.47 16.81% 3.52B 40.09 13.26 N/A 1,752,800 2,272,300 2.22 1.94 6 
2013/07/21 22:38:28 13.55 0.92 1.09 5.95 3.44B 8.47 16.81% 3.41B 40.09 13.26 N/A 1,752,800 2,272,300 2.22 1.94 6 
2013/07/23 17:27:33 15.20 0.97 1.17 6.67 3.86B 10.34 16.81% 3.41B 40.09 13.26 N/A 1,785,000 2,652,870 2.34 1.94 7 
2013/07/26 17:35:27 14.77 0.99 1.21 6.48 3.75B 10.05 16.81% 3.41B 40.09 13.26 N/A 1,818,620 2,711,640 2.41 1.94 7 
2013/08/10 18:04:59 12.63 0.90 1.03 7.20 3.42B 8.83 12.52% 3.59B 40.09 11.60 N/A 1,887,830 2,034,600 2.30 1.83 5 
2013/08/11 12:38:01 12.63 0.90 1.12 7.22 3.42B 8.83 12.52% 3.30B 40.09 11.60 N/A 1,887,830 2,034,600 2.30 1.83 6 
2013/08/20 22:56:39 14.34 0.92 1.25 8.19 3.65B 9.13 12.52% 3.58B 40.09 11.60 N/A 1,955,330 1,831,240 2.33 1.83 6 
2013/08/22 20:57:13 13.65 0.92 1.25 7.80 3.47B 8.69 12.52% 3.58B 40.09 11.60 N/A 1,935,170 1,718,980 2.34 1.83 5 
2013/08/23 10:46:10 14.22 0.92 1.25 8.17 3.61B 9.10 12.52% 3.58B 40.09 11.60 N/A 1,935,170 1,718,980 2.35 1.83 6 
2013/08/24 19:50:21 14.16 0.92 1.24 8.09 3.60B 9.02 12.52% 3.58B 40.09 11.60 N/A 1,936,160 1,794,260 2.35 1.83 6 
2013/08/25 23:09:06 14.16 0.92 1.24 8.09 3.60B 9.02 12.52% 3.69B 40.09 11.60 N/A 1,936,160 1,794,260 2.35 1.83 5 
2013/08/27 01:03:10 14.14 0.96 1.24 8.08 3.59B 9.01 12.52% 3.69B 40.09 11.60 N/A 1,936,690 1,599,750 2.44 1.83 5 
2013/08/30 23:07:15 12.63 0.85 1.13 7.22 3.21B 8.04 12.52% 3.69B 40.09 11.60 N/A 1,992,290 2,116,900 2.15 1.83 5 
2013/09/01 19:01:23 12.63 0.85 1.13 7.22 3.21B 8.04 12.52% 3.26B 40.09 11.60 N/A 1,993,980 2,153,670 2.15 1.83 5 
2013/09/02 13:17:28 12.63 0.85 1.13 7.22 3.21B 8.04 12.52% 3.26B 40.09 11.60 N/A 1,993,980 2,153,670 2.15 1.83 5 
2013/09/03 17:37:23 12.72 0.86 1.13 7.27 3.23B 8.10 12.52% 3.26B 40.09 11.60 N/A 1,993,980 2,153,670 2.17 1.83 5 
2013/09/03 18:02:41 12.72 0.86 1.13 7.27 3.23B 8.10 12.52% 3.26B 40.09 11.60 N/A 1,993,980 2,153,670 2.17 1.83 5 
2013/09/03 19:02:26 12.72 0.86 1.13 7.27 3.23B 8.10 12.52% 3.26B 40.09 11.60 N/A 1,993,980 2,153,670 2.17 1.83 2.21 7.19 30.14% 17.62% 3.67% 5.81 -18.50% 620.31M 453.40M 445.00M 1.75 -87.60% 0.60 239.20M 5.96 349.72M -143.55M 0.72 16.23% 13.58 19.05 254.19M 218.59M N/A 2.05M 0.90 N/A 2.14M 5 
2013/09/04 03:26:41 12.72 0.86 1.03 7.25 3.23B 8.90 12.52% 3.59B 40.09 11.60 N/A 2,000,390 2,284,950 2.19 1.83 2.43 7.91 30.14% 17.62% 3.67% 5.82 -18.50% 620.31M 453.40M 445.00M 1.75 -87.60% 0.56 239.20M 5.96 349.72M -140.32M 0.51 16.84% 13.54 18.83 254.19M 232.90M N/A 2.18M 1.00 N/A 2.39M 5 