
2013/06/11 00:23:35 58.60 1.88 1.07 18.25 71.75B 13.20 10.65% 79.92B 60.70 43.65 86.00% 5,781,600 4,960,330 0.58 1.50 2 
2013/06/12 00:38:58 58.67 1.88 1.07 18.27 71.84B 13.21 10.65% 79.92B 60.70 43.65 86.00% 5,791,490 5,002,410 0.58 1.50 2 
2013/06/13 00:27:39 58.38 1.89 1.08 18.18 71.48B 13.15 10.65% 79.92B 60.70 43.65 86.00% 5,741,650 4,776,950 0.58 1.50 2 
2013/06/14 08:13:14 59.27 1.90 1.08 18.46 72.57B 13.35 10.65% 79.79B 60.70 43.65 86.00% 5,734,000 4,408,040 0.59 1.50 2 
2013/06/17 00:11:45 59.03 1.90 1.07 18.38 72.28B 13.30 10.65% 80.58B 60.70 43.65 86.00% 5,709,430 4,298,060 0.59 1.50 2 
2013/06/18 00:56:42 59.27 1.90 1.07 18.46 72.57B 13.35 10.65% 80.58B 60.70 43.65 86.00% 5,629,750 4,247,820 0.59 1.50 2 
2013/06/18 23:28:50 59.91 1.90 1.07 18.66 73.35B 13.49 10.65% 80.58B 60.70 43.65 86.00% 5,559,370 4,027,300 0.59 1.50 2 
2013/06/20 00:06:53 59.09 1.93 1.09 18.40 72.35B 13.31 10.65% 80.58B 60.70 43.65 86.00% 5,493,150 4,117,020 0.60 1.50 2 
2013/06/21 01:23:06 56.99 1.90 1.09 17.75 69.78B 12.84 10.65% 80.58B 60.70 43.65 86.00% 5,455,600 4,339,700 0.59 1.50 2 
2013/06/24 00:30:21 57.57 1.83 1.04 17.93 70.49B 12.97 10.65% 78.80B 60.70 43.65 86.00% 5,454,800 4,615,890 0.57 1.50 2 
2013/06/25 00:29:19 56.84 1.85 1.04 17.70 69.59B 12.80 10.65% 78.80B 60.70 43.65 86.00% 5,452,120 5,088,430 0.57 1.50 2 
2013/06/26 01:41:18 56.62 1.83 1.04 17.63 69.33B 12.75 10.65% 78.80B 60.70 43.65 86.00% 5,459,450 5,339,490 0.57 1.50 2 
2013/06/27 01:05:56 57.36 1.82 1.03 17.86 70.23B 12.92 10.65% 78.80B 60.70 43.65 86.00% 5,403,380 5,177,450 0.56 1.50 2 
2013/07/18 22:44:31 61.20 1.95 1.11 19.06 74.93B 13.75 10.65% 82.94B 61.31 43.65 86.00% 4,885,600 3,704,010 0.60 1.50 2 
2013/07/20 13:11:20 61.63 1.97 1.12 19.19 75.46B 13.85 10.65% 82.94B 61.70 43.65 86.00% 4,816,750 3,660,040 0.61 1.50 2 
2013/07/21 22:38:41 61.63 1.97 1.12 19.19 75.46B 13.85 10.65% 83.77B 61.70 43.65 86.00% 4,816,750 3,660,040 0.61 1.50 2 
2013/07/23 17:27:46 61.89 1.99 1.13 19.27 75.78B 13.91 10.65% 83.77B 61.99 43.65 86.00% 4,797,900 3,177,930 0.61 1.50 2 
2013/07/26 17:35:35 61.96 1.99 1.13 19.30 75.86B 13.92 10.65% 83.77B 62.36 43.65 86.00% 4,700,850 2,989,900 0.62 1.50 2 
2013/08/10 18:05:06 59.48 1.91 1.07 18.52 72.83B 13.37 10.65% 84.03B 62.36 43.95 86.00% 4,573,110 5,254,940 0.59 1.50 2 
2013/08/11 12:38:08 59.48 1.91 1.07 17.65 72.83B 13.37 10.98% 81.46B 62.36 43.95 86.00% 4,573,110 5,254,940 0.59 1.57 2 
2013/08/20 22:56:52 59.28 1.84 1.05 17.59 72.82B 13.32 10.98% 80.34B 62.36 44.33 86.00% 4,469,470 4,527,430 0.58 1.57 2 
2013/08/22 20:57:25 58.38 1.83 1.06 18.18 71.71B 13.09 10.65% 84.03B 62.36 44.33 86.00% 4,477,160 4,528,220 0.58 1.50 2 
2013/08/23 10:46:17 58.23 1.84 1.05 17.29 71.53B 13.10 10.98% 80.34B 62.36 44.33 86.00% 4,453,240 4,497,550 0.58 1.57 2 
2013/08/24 19:50:28 57.97 1.84 1.04 17.20 71.21B 13.03 10.98% 80.34B 62.36 44.33 86.00% 4,493,960 4,793,240 0.58 1.57 2 
2013/08/25 23:09:13 57.97 1.84 1.04 17.20 71.13B 13.03 10.98% 79.53B 62.36 44.33 86.00% 4,493,960 4,793,240 0.58 1.57 2 
2013/08/27 01:03:24 58.24 1.83 1.04 17.28 71.46B 13.09 10.98% 79.53B 62.36 44.33 86.00% 4,493,660 4,733,470 0.58 1.57 2 
2013/08/30 23:07:23 58.05 1.82 1.04 17.23 71.23B 13.04 10.98% 79.53B 62.36 44.33 86.00% 4,508,610 4,838,040 0.57 1.57 2 
2013/09/01 19:01:33 58.05 1.82 1.06 18.08 71.23B 13.02 10.65% 84.03B 62.36 44.33 86.00% 4,492,480 5,052,860 0.57 1.50 2 
2013/09/02 13:17:50 58.05 1.82 1.04 17.23 71.23B 13.04 10.98% 79.34B 62.36 44.33 86.00% 4,492,480 5,052,860 0.57 1.57 2 
2013/09/03 17:37:31 58.52 1.83 1.04 17.36 71.80B 13.15 10.98% 79.34B 62.36 44.33 86.00% 4,492,480 5,052,860 0.58 1.57 2 
2013/09/03 18:02:48 58.52 1.83 1.04 17.36 71.80B 13.15 10.98% 79.34B 62.36 44.33 86.00% 4,492,480 5,052,860 0.58 1.57 2 
2013/09/03 19:02:33 58.52 1.83 1.04 17.36 71.80B 13.15 10.98% 79.34B 62.36 44.33 86.00% 4,492,480 5,052,860 0.58 1.57 0.64 8.24 3.41% 6.30% 7.38% 99.58 1.70% 22.51B 9.63B 4.22B 3.37 16.00% 0.96 9.38B 24.10 5.20B 3.01B 0.88 16.23% 60.01 57.40 1.23B 1.22B 0.19% 8.65M 2.20 0.70% 9.08M 2 
2013/09/04 03:26:50 58.52 1.85 1.04 17.36 71.80B 13.15 10.98% 79.34B 62.36 44.33 86.00% 4,451,340 4,802,180 0.58 1.57 0.64 8.24 3.41% 6.30% 7.38% 99.58 1.70% 22.51B 9.63B 4.22B 3.37 16.00% 0.96 9.38B 24.10 5.20B 3.01B 0.88 16.84% 59.95 57.54 1.23B 1.22B 0.19% 8.65M 2.20 0.70% 9.08M 2 