
2013/06/11 00:23:35 29.23 2.40 1.26 14.12 13.25B 11.46 17.61% 11.84B 29.83 21.48 64.80% 3,539,390 5,333,700 2.84 1.17 4 
2013/06/12 00:38:58 28.61 2.40 1.26 13.82 12.97B 11.22 17.61% 11.84B 29.83 21.48 64.80% 3,562,870 5,103,470 2.85 1.17 4 
2013/06/13 00:27:39 28.25 2.35 1.26 13.65 12.80B 11.08 17.61% 11.84B 29.83 21.48 64.80% 3,592,840 4,994,420 2.79 1.17 4 
2013/06/14 08:13:14 28.53 2.35 1.23 13.78 12.93B 11.19 17.61% 11.44B 29.83 21.48 64.80% 3,626,030 5,211,850 2.78 1.17 4 
2013/06/17 00:11:45 28.26 2.35 1.22 13.65 12.81B 11.08 17.61% 11.45B 29.83 21.48 64.80% 3,620,070 4,834,600 2.78 1.17 4 
2013/06/18 00:56:42 28.59 2.32 1.22 13.81 12.96B 11.21 17.61% 11.45B 29.83 21.48 64.80% 3,609,530 3,770,820 2.76 1.17 4 
2013/06/18 23:28:50 28.64 2.35 1.22 13.83 12.98B 11.23 17.61% 11.45B 29.83 21.48 64.80% 3,618,320 3,575,790 2.79 1.17 4 
2013/06/20 00:06:53 28.21 2.35 1.22 13.63 12.78B 11.06 17.61% 11.45B 29.83 21.48 64.80% 3,624,310 3,548,600 2.79 1.17 4 
2013/06/21 01:23:07 27.63 2.32 1.22 13.35 12.52B 10.84 17.61% 11.45B 29.83 21.48 64.80% 3,640,040 3,361,520 2.75 1.17 4 
2013/06/24 00:30:21 27.52 2.27 1.20 13.29 12.47B 10.79 17.61% 11.11B 29.83 21.48 66.60% 3,645,580 3,599,400 2.70 1.17 4 
2013/06/25 00:29:20 27.24 2.26 1.20 13.16 12.34B 10.68 17.61% 11.11B 29.83 21.48 66.60% 3,672,250 3,792,430 2.69 1.17 4 
2013/06/26 01:41:18 27.29 2.24 1.20 13.18 12.37B 10.70 17.61% 11.11B 29.83 21.48 66.60% 3,692,180 3,765,240 2.66 1.17 4 
2013/06/27 01:05:56 27.53 2.24 1.18 13.30 12.48B 10.80 17.61% 11.11B 29.83 21.48 66.60% 3,697,650 3,627,190 2.66 1.17 4 
2013/07/18 22:44:31 29.74 2.42 1.27 14.37 13.48B 11.62 17.61% 12.20B 30.00 21.48 66.60% 3,848,620 3,072,310 2.87 1.17 4 
2013/07/20 13:11:22 29.65 2.45 0.81 14.32 13.44B 11.58 17.61% 12.20B 30.00 21.48 66.60% 3,820,590 3,002,240 2.90 1.17 4 
2013/07/21 22:38:42 29.65 2.45 0.81 14.32 13.44B 11.58 17.61% 12.08B 30.00 21.48 66.60% 3,820,590 3,002,240 2.90 1.17 4 
2013/07/23 17:27:46 29.76 2.46 0.81 14.38 13.49B 11.62 17.61% 12.08B 30.00 21.48 66.60% 3,834,930 3,061,080 2.92 1.17 4 
2013/07/26 17:35:35 29.68 2.44 0.80 14.34 13.45B 11.69 17.61% 12.08B 30.30 21.48 66.60% 3,865,800 3,282,520 2.90 1.17 4 
2013/08/10 18:05:06 30.98 2.47 0.83 13.53 14.12B 12.20 18.98% 12.80B 31.07 21.48 66.60% 3,567,530 2,738,920 3.04 1.18 4 
2013/08/11 12:38:08 30.98 2.47 0.83 13.53 14.12B 12.20 18.98% 13.07B 31.07 21.48 66.60% 3,567,530 2,738,920 3.04 1.18 4 
2013/08/20 22:56:52 30.10 2.42 0.81 13.15 13.71B 11.85 18.98% 12.87B 31.43 21.48 66.60% 3,464,640 2,775,830 2.98 1.18 5 
2013/08/22 20:57:26 30.12 2.38 0.81 13.16 13.72B 11.86 18.98% 12.87B 31.43 21.48 66.60% 3,455,760 2,756,640 2.93 1.18 4 
2013/08/23 10:46:18 30.25 2.41 0.81 13.21 13.78B 11.90 18.98% 12.87B 31.43 21.48 66.60% 3,417,160 2,782,540 2.97 1.18 4 
2013/08/24 19:50:28 30.24 2.41 0.81 13.21 13.78B 11.91 18.98% 12.87B 31.43 21.48 66.60% 3,393,580 2,854,190 2.97 1.18 4 
2013/08/25 23:09:13 30.24 2.41 0.81 13.21 13.78B 11.91 18.98% 12.73B 31.43 21.48 66.60% 3,393,580 2,854,190 2.97 1.18 4 
2013/08/27 01:03:24 30.02 2.42 0.81 13.11 13.68B 11.82 18.98% 12.73B 31.43 21.48 66.60% 3,369,280 2,496,930 2.98 1.18 5 
2013/08/30 23:07:24 29.25 2.37 0.80 12.78 13.33B 11.52 18.98% 12.73B 31.43 21.48 66.60% 3,377,680 2,699,560 2.92 1.18 5 
2013/09/01 19:01:34 29.25 2.37 0.79 12.78 13.33B 11.52 18.98% 12.45B 31.43 21.48 66.60% 3,285,690 2,312,570 2.92 1.18 5 
2013/09/02 13:17:50 29.25 2.37 0.79 12.78 13.33B 11.52 18.98% 12.45B 31.43 21.48 66.60% 3,285,690 2,312,570 2.92 1.18 5 
2013/09/03 17:37:32 29.39 2.34 0.79 12.84 13.39B 11.57 18.98% 12.45B 31.43 21.48 66.60% 3,285,690 2,312,570 2.88 1.18 5 
2013/09/03 18:02:49 29.39 2.34 0.79 12.84 13.39B 11.57 18.98% 12.45B 31.43 21.48 66.60% 3,285,690 2,312,570 2.88 1.18 5 
2013/09/03 19:02:33 29.39 2.34 0.79 12.84 13.39B 11.57 18.98% 12.45B 31.43 21.48 66.60% 3,285,690 2,312,570 2.88 1.18 2.69 7.40 22.70% 30.70% 7.81% 10.23 -1.50% 4.00B 1.68B 1.04B 2.29 39.60% 5.43 1.42B 25.28 1.24B 793.50M 1.47 16.23% 30.10 27.34 455.63M 328.72M 28.09% 5.54M 2.00 1.70% 4.54M 5 
2013/09/04 03:26:51 29.39 2.35 0.79 12.84 13.39B 11.57 18.98% 12.45B 31.43 21.48 66.60% 3,279,160 2,324,800 2.89 1.18 2.69 7.40 22.70% 30.70% 7.81% 10.23 -1.50% 4.00B 1.68B 1.04B 2.29 39.60% 5.43 1.42B 25.28 1.24B 793.50M 1.47 16.84% 30.10 27.40 455.63M 328.72M 28.09% 5.54M 2.00 1.70% 4.54M 5 