
2013/06/11 00:23:37 33.85 2.80 1.27 28.30 14.11B 13.59 9.87% 24.02B 36.31 23.64 70.50% 3,194,280 3,616,970 0.99 1.50 1 
2013/06/12 00:39:00 34.03 2.81 1.27 28.45 14.18B 13.67 9.87% 24.02B 36.31 23.64 70.50% 3,199,700 3,492,730 0.99 1.50 1 
2013/06/13 00:27:42 33.79 2.82 1.27 28.25 14.08B 13.57 9.87% 24.02B 36.31 23.64 70.50% 3,214,720 3,446,350 1.00 1.50 1 
2013/06/14 08:13:16 34.19 2.84 1.30 28.59 14.25B 13.73 9.87% 24.04B 36.31 23.64 70.50% 3,224,100 3,148,540 1.00 1.50 1 
2013/06/17 00:11:48 34.09 2.84 1.31 28.50 14.21B 13.69 9.87% 24.16B 36.31 23.64 70.50% 3,225,330 2,949,500 1.00 1.50 1 
2013/06/18 00:56:44 34.59 2.83 1.31 28.92 14.42B 13.89 9.87% 24.16B 36.31 23.64 70.50% 3,199,530 2,473,080 1.00 1.50 1 
2013/06/18 23:28:52 34.50 2.87 1.31 28.85 14.38B 13.86 9.87% 24.16B 36.31 23.64 70.50% 3,222,960 2,636,910 1.01 1.50 1 
2013/06/20 00:06:55 33.61 2.86 1.31 28.10 14.01B 13.50 9.87% 24.16B 36.31 23.64 70.50% 3,247,100 2,812,140 1.01 1.50 1 
2013/06/21 01:23:09 32.83 2.79 1.29 27.45 13.68B 13.18 9.87% 24.16B 36.31 23.64 70.50% 3,259,730 3,124,510 0.98 1.50 1 
2013/06/24 00:30:23 33.25 2.72 1.26 27.80 13.86B 13.41 9.87% 23.81B 36.31 23.64 71.60% 3,296,450 3,438,990 0.96 1.50 1 
2013/06/25 00:29:23 33.12 2.76 1.26 27.69 13.80B 13.35 9.87% 23.81B 36.31 23.64 71.60% 3,269,480 3,794,370 0.97 1.50 1 
2013/06/26 01:41:21 33.27 2.75 1.27 27.82 13.87B 13.42 9.87% 23.81B 36.31 23.64 71.60% 3,283,220 3,835,830 0.97 1.50 1 
2013/06/27 01:05:58 33.35 2.76 1.28 27.88 13.90B 13.45 9.87% 23.81B 36.31 23.64 71.60% 3,318,080 3,937,000 0.97 1.50 1 
2013/07/18 22:44:33 36.82 2.87 1.44 19.90 15.41B 13.59 15.88% 24.71B 37.13 23.64 71.60% 3,301,240 3,081,460 0.99 1.29 2 
2013/07/20 13:11:52 37.02 2.87 1.45 20.01 15.49B 13.66 15.88% 24.71B 37.13 23.64 71.60% 3,273,090 2,942,590 0.99 1.29 2 
2013/07/21 22:38:45 37.02 2.87 1.45 20.01 15.49B 13.66 15.88% 24.90B 37.13 23.64 71.60% 3,273,090 2,942,590 0.99 1.29 2 
2013/07/23 17:27:48 36.94 2.87 1.44 19.97 15.46B 13.63 15.88% 24.90B 37.13 23.64 71.60% 3,253,820 2,454,680 0.99 1.29 2 
2013/07/26 17:35:37 36.74 2.88 1.44 19.86 15.37B 13.56 15.88% 24.90B 37.13 24.07 71.60% 3,208,200 2,128,300 1.00 1.29 2 
2013/08/10 18:05:09 36.65 2.92 1.43 19.81 15.38B 13.52 15.88% 25.05B 37.28 24.51 71.60% 3,136,060 2,488,060 0.99 1.29 2 
2013/08/11 12:38:10 36.65 2.92 1.43 19.81 15.38B 13.52 15.88% 24.89B 37.28 24.51 71.60% 3,136,060 2,488,060 0.99 1.29 2 
2013/08/20 22:56:54 35.00 2.78 1.37 18.92 14.68B 12.96 15.88% 24.10B 37.28 24.61 71.60% 3,059,860 2,122,200 0.95 1.29 2 
2013/08/22 20:57:28 34.59 2.75 1.37 18.70 14.51B 12.81 15.88% 24.10B 37.28 24.61 71.60% 3,032,980 2,083,460 0.93 1.29 2 
2013/08/23 10:46:19 34.85 2.76 1.36 18.78 14.62B 12.87 15.88% 24.10B 37.28 24.61 71.60% 3,028,510 2,152,880 0.94 1.29 2 
2013/08/24 19:50:30 35.08 2.76 1.36 18.96 14.72B 12.99 15.88% 24.10B 37.28 24.81 71.60% 2,993,430 2,280,540 0.94 1.29 2 
2013/08/25 23:09:15 35.08 2.76 1.36 18.96 14.72B 12.99 15.88% 24.23B 37.28 24.81 71.60% 2,993,430 2,280,540 0.94 1.29 2 
2013/08/27 01:03:28 34.51 2.80 1.36 18.65 14.48B 12.78 15.88% 24.23B 37.28 24.81 71.60% 3,000,620 2,274,820 0.95 1.29 2 
2013/08/30 23:07:26 33.82 2.71 1.33 18.28 14.19B 12.53 15.88% 24.23B 37.28 24.81 71.60% 2,987,160 2,253,570 0.92 1.29 2 
2013/09/01 19:01:35 33.82 2.71 1.33 18.28 14.19B 12.57 15.88% 23.70B 37.28 25.30 71.60% 3,001,630 2,561,670 0.92 1.29 2 
2013/09/02 13:17:52 33.82 2.71 1.33 18.28 14.19B 12.57 15.88% 23.70B 37.28 25.30 71.60% 3,001,630 2,561,670 0.92 1.29 2 
2013/09/03 17:37:35 33.90 2.69 1.43 18.32 14.22B 12.51 15.88% 25.05B 37.28 25.30 71.60% 3,001,630 2,561,670 0.92 1.29 2 
2013/09/03 18:02:51 33.90 2.69 1.33 18.32 14.22B 12.60 15.88% 23.70B 37.28 25.30 71.60% 3,001,630 2,561,670 0.92 1.29 2 
2013/09/03 19:02:35 33.90 2.69 1.33 18.32 14.22B 12.60 15.88% 23.70B 37.28 25.30 71.60% 3,001,630 2,561,670 0.92 1.29 1.53 11.54 5.00% 10.39% 6.32% 37.71 33.70% 3.56B 2.05B 772.30M 1.85 N/A 0.44 9.69B 180.76 1.41B 401.14M 0.47 16.23% 35.99 35.10 419.53M 417.99M 0.28% 5.76M 2.50 1.40% 6.40M 2 
2013/09/04 03:26:53 33.90 2.70 1.33 18.32 14.22B 12.60 15.88% 23.70B 37.28 25.42 71.60% 2,972,090 2,772,300 0.92 1.29 1.53 11.54 5.00% 10.39% 6.32% 37.71 33.70% 3.56B 2.05B 772.30M 1.85 N/A 0.44 9.69B 180.76 1.41B 401.14M 0.47 16.84% 35.90 35.12 419.53M 417.99M 0.28% 5.76M 2.50 1.40% 6.40M 2 