
2013/06/11 00:23:38 46.84 2.35 1.21 13.99 16.01B 13.12 17.70% 17.44B 48.40 36.91 87.00% 3,644,650 2,323,680 0.16 1.24 3 
2013/06/12 00:39:00 46.99 2.35 1.21 14.04 16.06B 13.16 17.70% 17.44B 48.40 36.91 87.00% 3,667,330 2,444,510 0.16 1.24 3 
2013/06/13 00:27:42 47.16 2.35 1.21 14.09 16.12B 13.21 17.70% 17.44B 48.40 36.91 87.00% 3,654,330 2,491,800 0.16 1.24 3 
2013/06/14 08:13:16 47.90 2.40 1.26 14.31 16.37B 13.42 17.70% 17.53B 48.40 36.91 87.00% 3,677,960 2,543,260 0.16 1.24 3 
2013/06/17 00:11:49 47.83 2.40 1.29 14.29 16.35B 13.40 17.70% 17.75B 48.40 36.91 87.00% 3,650,090 2,468,040 0.16 1.24 3 
2013/06/18 00:56:44 48.25 2.39 1.29 14.41 16.49B 13.52 17.70% 17.75B 48.43 36.91 87.00% 3,663,130 2,375,030 0.16 1.24 3 
2013/06/18 23:28:53 48.76 2.42 1.29 14.56 16.67B 13.66 17.70% 17.75B 48.79 36.91 87.00% 3,664,940 2,391,490 0.16 1.24 3 
2013/06/20 00:06:55 48.37 2.44 1.32 14.45 16.53B 13.55 17.70% 17.75B 48.99 36.91 87.00% 3,430,190 2,521,740 0.16 1.24 3 
2013/06/21 01:23:10 47.07 2.42 1.30 14.06 16.09B 13.18 17.70% 17.75B 48.99 36.91 87.00% 3,429,620 2,618,600 0.16 1.24 3 
2013/06/24 00:30:23 47.23 2.36 1.27 14.11 16.14B 13.34 17.70% 17.55B 48.99 36.91 84.60% 3,303,470 2,841,760 0.16 1.24 3 
2013/06/25 00:29:24 46.58 2.36 1.27 13.91 15.92B 13.16 17.70% 17.55B 48.99 36.91 84.60% 3,225,500 3,098,450 0.16 1.24 3 
2013/06/26 01:41:21 46.64 2.33 1.26 13.93 15.94B 13.06 17.70% 17.55B 48.99 36.91 84.60% 3,171,720 3,022,100 0.16 1.24 3 
2013/06/27 01:05:59 47.93 2.34 1.26 14.32 16.38B 13.54 17.70% 17.55B 48.99 36.91 84.60% 3,171,970 3,042,810 0.16 1.24 3 
2013/07/18 22:44:34 50.16 2.48 1.34 14.98 17.15B 14.13 17.70% 18.36B 49.99 36.91 84.60% 2,731,820 1,852,850 0.17 1.24 3 
2013/07/20 13:11:58 50.52 2.51 1.36 15.09 17.27B 14.23 17.70% 18.36B 50.17 36.91 84.60% 2,723,520 1,854,860 0.17 1.24 3 
2013/07/21 22:38:46 50.52 2.51 1.36 15.09 17.27B 14.23 17.70% 18.67B 50.17 36.91 84.60% 2,723,520 1,854,860 0.17 1.24 3 
2013/07/23 17:27:48 50.18 2.53 1.36 14.99 17.15B 14.14 17.70% 18.67B 50.59 36.91 84.60% 2,729,550 1,963,930 0.17 1.24 3 
2013/07/26 17:35:37 51.06 2.49 1.34 15.25 17.45B 14.38 17.70% 18.67B 50.64 36.91 84.60% 2,596,130 1,823,580 0.17 1.24 3 
2013/08/10 18:05:09 51.57 2.94 1.37 53.33 17.59B 13.02 5.48% 19.38B 51.78 36.91 84.60% 2,372,500 2,023,490 0.17 1.22 1 
2013/08/11 12:38:10 51.57 2.94 1.37 53.33 17.59B 13.02 5.48% 19.54B 51.78 36.91 84.60% 2,372,500 2,023,490 0.17 1.22 1 
2013/08/20 22:56:55 51.07 2.92 1.37 52.81 17.41B 12.90 5.48% 19.45B 52.49 36.91 84.60% 2,278,000 2,102,810 0.17 1.22 1 
2013/08/22 20:57:28 50.60 2.87 1.34 52.33 17.25B 12.78 5.48% 19.45B 52.49 36.91 84.60% 2,219,370 2,076,300 0.17 1.22 1 
2013/08/23 10:46:20 50.60 2.89 1.34 52.24 17.25B 12.76 5.48% 19.45B 52.49 36.91 84.60% 2,219,370 2,076,300 0.17 1.22 1 
2013/08/24 19:50:30 51.24 2.89 1.37 52.99 17.47B 12.94 5.48% 19.45B 52.49 36.91 84.60% 2,204,840 1,897,140 0.17 1.22 1 
2013/08/25 23:09:15 51.24 2.89 1.36 52.99 17.47B 12.94 5.48% 19.38B 52.49 36.91 84.60% 2,204,840 1,897,140 0.17 1.22 1 
2013/08/27 01:03:29 50.97 2.92 1.37 52.71 17.38B 12.87 5.48% 19.43B 52.49 36.91 84.60% 2,195,650 1,519,150 0.17 1.22 1 
2013/08/30 23:07:26 50.28 2.87 1.34 52.00 17.15B 12.70 5.48% 19.43B 52.49 36.91 84.60% 2,174,650 1,501,240 0.17 1.22 1 
2013/09/01 19:01:36 50.28 2.85 1.34 52.00 17.07B 12.70 5.48% 19.03B 52.49 36.91 84.60% 2,149,820 1,387,260 0.17 1.22 1 
2013/09/02 13:17:52 50.28 2.85 1.34 52.00 17.07B 12.70 5.48% 19.03B 52.49 36.91 84.60% 2,149,820 1,387,260 0.17 1.22 1 
2013/09/03 17:37:36 50.22 2.85 1.34 51.93 17.05B 12.68 5.48% 19.03B 52.49 36.91 84.60% 2,149,820 1,387,260 0.17 1.22 1 
2013/09/03 18:02:51 50.22 2.85 1.34 51.93 17.05B 12.68 5.48% 19.03B 52.49 36.91 84.60% 2,149,820 1,387,260 0.17 1.22 1 
2013/09/03 19:02:36 50.22 2.85 1.34 51.93 17.05B 12.68 5.48% 19.03B 52.49 36.91 84.60% 2,149,820 1,387,260 0.17 1.22 0.19 7.79 0.33% 2.02% 5.11% 296.46 -5.00% 4.92B 2.44B 335.00M 0.97 N/A 5.60 3.86B 64.69 1.73B 1.52B 0.56 16.23% 50.73 46.98 339.46M 338.40M 0.17% 4.25M 2.20 1.60% 4.25M 1 
2013/09/04 03:26:53 50.22 2.85 1.34 51.93 17.05B 12.68 5.48% 19.03B 52.49 36.91 84.60% 2,149,330 1,408,400 0.17 1.22 0.19 7.79 0.33% 2.02% 5.11% 296.46 -5.00% 4.92B 2.44B 335.00M 0.97 N/A 5.60 3.86B 64.69 1.73B 1.52B 0.56 16.84% 50.74 47.02 339.46M 338.40M 0.17% 4.25M 2.20 1.60% 4.25M 1 