
2013/06/11 00:23:39 62.29 2.74 0.83 20.23 15.45B 12.61 14.51% 16.02B 67.42 38.38 33.30% 2,151,620 2,039,650 1.76 2.26 3 
2013/06/12 00:39:01 61.11 2.73 0.82 19.85 15.16B 12.37 14.51% 16.02B 67.42 38.38 33.30% 2,139,170 1,904,590 1.75 2.26 3 
2013/06/13 00:27:43 60.81 2.68 0.81 19.75 15.08B 12.31 14.51% 16.02B 67.42 38.38 33.30% 2,133,960 1,792,360 1.72 2.26 3 
2013/06/14 08:13:17 62.38 2.74 0.82 20.26 15.47B 12.63 14.51% 15.59B 67.42 38.38 33.30% 2,133,130 1,598,550 1.76 2.26 3 
2013/06/17 00:11:50 62.10 2.74 0.82 20.17 15.40B 12.57 14.51% 15.91B 67.42 38.38 33.30% 2,124,070 1,592,490 1.76 2.26 3 
2013/06/18 00:56:45 63.65 2.72 0.82 20.67 15.79B 12.88 14.51% 15.91B 67.42 38.38 33.30% 2,100,470 1,280,370 1.75 2.26 3 
2013/06/18 23:28:54 63.96 2.79 0.82 20.77 15.86B 12.95 14.51% 15.91B 67.42 38.38 33.30% 2,092,950 1,371,690 1.79 2.26 3 
2013/06/20 00:06:56 64.09 2.81 0.80 20.82 15.90B 12.95 14.51% 15.91B 67.42 38.38 33.30% 2,080,320 1,458,390 1.80 2.26 3 
2013/06/21 01:23:12 61.87 2.81 0.81 20.09 15.35B 12.50 14.51% 15.91B 67.42 38.38 33.30% 2,077,160 1,504,670 1.80 2.26 3 
2013/06/24 00:30:24 61.53 2.71 0.77 19.98 15.26B 12.43 14.51% 15.77B 67.42 38.38 32.90% 2,072,160 1,726,940 1.74 2.26 3 
2013/06/25 00:29:26 60.98 2.70 0.77 19.81 15.13B 12.32 14.51% 15.77B 67.42 38.90 32.90% 2,072,850 2,044,250 1.73 2.26 3 
2013/06/26 01:41:23 61.24 2.68 0.77 19.89 15.19B 12.37 14.51% 15.77B 67.42 39.95 32.90% 2,080,660 2,129,330 1.72 2.26 3 
2013/06/27 01:06:00 61.85 2.69 0.77 20.09 15.34B 12.55 14.51% 15.77B 67.42 39.95 32.90% 2,070,510 2,040,750 1.72 2.26 3 
2013/07/18 22:44:35 64.97 2.78 0.89 21.10 16.12B 13.23 14.51% 16.55B 67.42 43.91 32.90% 1,816,530 1,487,050 1.79 2.26 3 
2013/07/20 13:12:05 65.76 2.85 0.92 21.36 16.31B 13.39 14.51% 16.55B 67.42 43.91 32.90% 1,808,740 1,497,700 1.83 2.26 3 
2013/07/21 22:38:48 65.76 2.85 0.92 21.36 16.31B 13.39 14.51% 16.82B 67.42 43.91 32.90% 1,808,740 1,497,700 1.83 2.26 3 
2013/07/23 17:27:49 64.38 2.87 0.92 20.91 15.97B 13.11 14.51% 16.82B 67.42 43.91 32.90% 1,804,510 1,570,580 1.84 2.26 3 
2013/07/26 17:35:38 57.18 2.63 0.84 18.57 14.18B 11.67 14.51% 16.82B 67.42 47.62 32.90% 1,908,670 3,059,880 1.69 2.26 3 
2013/08/10 18:05:10 57.51 2.13 0.79 19.63 14.15B 12.48 11.51% 14.55B 67.42 47.62 32.90% 2,321,530 3,226,360 1.58 2.30 3 
2013/08/11 12:38:11 57.51 2.13 0.79 19.63 14.15B 12.48 11.51% 14.20B 67.42 47.62 32.90% 2,321,530 3,226,360 1.58 2.30 3 
2013/08/20 22:56:56 55.44 2.02 0.79 18.93 13.64B 12.03 11.51% 13.83B 67.42 47.62 32.90% 2,346,660 2,059,430 1.50 2.30 3 
2013/08/22 20:57:31 56.39 2.02 0.79 19.25 13.88B 12.23 11.51% 13.83B 67.42 47.62 32.90% 2,326,180 1,905,510 1.49 2.30 3 
2013/08/23 10:46:21 56.81 2.07 0.81 19.32 13.98B 12.30 11.51% 13.83B 67.42 47.62 32.90% 2,326,180 1,905,510 1.53 2.30 4 
2013/08/24 19:50:32 56.84 2.07 0.82 19.41 13.99B 12.36 11.51% 13.83B 67.42 47.62 32.90% 2,335,650 1,710,890 1.53 2.30 4 
2013/08/25 23:09:17 56.84 2.07 0.82 19.41 13.99B 12.36 11.51% 14.04B 67.42 47.62 32.90% 2,335,650 1,710,890 1.53 2.30 3 
2013/08/27 01:03:32 56.30 2.08 0.82 19.22 13.86B 12.24 11.51% 14.04B 67.42 47.62 32.90% 2,341,740 1,681,980 1.55 2.30 3 
2013/08/30 23:07:27 56.79 2.11 0.80 19.39 13.98B 12.29 11.51% 14.55B 67.42 47.62 32.90% 2,374,330 1,792,280 1.56 2.30 3 
2013/09/01 19:01:37 56.79 2.11 0.82 19.39 13.98B 12.35 11.51% 14.03B 67.42 47.62 32.90% 2,386,340 1,802,100 1.56 2.30 3 
2013/09/02 13:17:54 56.79 2.11 0.82 19.39 13.98B 12.35 11.51% 14.03B 67.42 47.62 32.90% 2,386,340 1,802,100 1.56 2.30 3 
2013/09/03 17:37:37 57.77 2.08 0.82 19.72 14.22B 12.56 11.51% 14.03B 67.42 47.62 32.90% 2,386,340 1,802,100 1.54 2.30 4 
2013/09/03 18:02:52 57.77 2.08 0.82 19.72 14.22B 12.56 11.51% 14.03B 67.42 47.62 32.90% 2,386,340 1,802,100 1.54 2.30 4 
2013/09/03 19:02:37 57.77 2.08 0.80 19.72 14.22B 12.50 11.51% 14.55B 67.42 47.62 32.90% 2,386,340 1,802,100 1.54 2.30 1.61 10.45 8.07% 12.38% 5.90% 36.66 11.40% 2.48B 1.39B 730.70M 2.93 -19.60% 8.24 2.08B 27.11 730.10M 354.67M 1.38 16.23% 58.86 61.92 246.12M 243.16M 0.81% 4.35M 2.50 1.80% 4.77M 3 
2013/09/04 03:26:54 57.77 2.12 0.83 19.72 14.22B 12.56 11.51% 14.03B 67.42 47.62 32.90% 2,389,000 2,112,070 1.57 2.30 1.55 10.08 8.07% 12.38% 5.90% 36.66 11.40% 2.48B 1.39B 730.70M 2.93 -19.60% 8.24 2.08B 27.11 730.10M 354.67M 1.37 16.84% 58.68 61.83 246.12M 243.13M 0.81% 4.37M 1.30 1.80% 3.47M 4 