
2013/06/11 00:23:40 83.80 3.05 0.87 11.30 55.10B 10.53 29.55% 92.54B 99.70 78.25 62.50% 7,024,310 6,000,980 0.88 1.46 4 
2013/06/12 00:39:02 83.52 3.02 0.87 11.26 54.91B 10.49 29.55% 92.54B 99.70 78.25 62.50% 7,031,020 5,897,400 0.87 1.46 4 
2013/06/13 00:27:45 83.21 3.00 0.87 11.22 54.71B 10.45 29.55% 92.54B 99.70 78.25 62.50% 7,002,190 5,753,740 0.87 1.46 4 
2013/06/14 08:13:19 85.14 3.06 0.86 11.48 55.98B 10.70 29.55% 91.60B 99.70 78.25 62.50% 7,009,940 5,783,660 0.89 1.46 4 
2013/06/17 00:11:51 83.87 3.06 0.87 11.31 55.14B 10.54 29.55% 92.03B 99.70 78.25 62.50% 6,976,180 5,791,410 0.89 1.46 4 
2013/06/18 00:56:46 83.92 3.02 0.87 11.31 55.18B 10.54 29.55% 92.03B 99.70 78.25 62.50% 6,929,460 5,146,380 0.87 1.46 4 
2013/06/18 23:28:55 84.55 3.02 0.87 11.40 55.59B 10.62 29.55% 92.03B 99.70 78.25 62.50% 6,875,780 4,943,170 0.87 1.46 4 
2013/06/20 00:06:57 84.25 3.04 0.87 11.36 55.39B 10.58 29.55% 92.03B 99.70 78.25 62.50% 6,832,060 4,914,240 0.88 1.46 4 
2013/06/21 01:23:13 83.20 3.03 0.87 11.22 54.70B 10.45 29.55% 92.03B 99.70 78.25 62.50% 6,804,550 5,247,100 0.88 1.46 4 
2013/06/24 00:30:26 83.12 2.99 0.86 11.21 54.65B 10.44 29.55% 91.54B 99.70 78.25 63.50% 6,871,530 5,804,680 0.87 1.46 5 
2013/06/25 00:29:28 81.52 2.99 0.86 10.99 53.60B 10.24 29.55% 91.54B 99.70 78.25 63.50% 6,909,190 6,285,880 0.87 1.46 5 
2013/06/26 01:41:24 82.33 2.93 0.85 11.10 54.13B 10.34 29.55% 91.54B 99.70 78.25 63.50% 6,902,370 6,280,610 0.85 1.46 5 
2013/06/27 01:06:01 82.10 2.96 0.86 11.07 53.98B 10.31 29.55% 91.54B 99.70 78.25 63.50% 6,945,770 6,364,360 0.86 1.46 5 
2013/07/18 22:44:49 85.72 3.10 0.92 11.56 56.36B 10.81 29.55% 94.20B 99.70 78.79 63.50% 6,588,340 6,765,840 0.90 1.46 4 
2013/07/20 13:12:19 85.65 3.08 0.89 11.55 56.31B 10.80 29.55% 94.20B 99.70 78.79 63.50% 6,557,810 6,416,350 0.89 1.46 4 
2013/07/21 22:38:50 85.65 3.08 0.89 11.55 56.31B 10.80 29.55% 93.20B 99.70 78.79 63.50% 6,557,810 6,416,350 0.89 1.46 4 
2013/07/23 17:27:50 85.52 3.09 0.90 11.53 56.23B 10.83 29.55% 93.20B 99.70 79.49 63.50% 6,341,710 6,939,730 0.90 1.46 4 
2013/07/26 17:35:39 82.06 2.96 1.30 11.06 53.95B 10.81 29.55% 93.20B 99.70 79.49 63.50% 6,395,340 8,710,070 0.86 1.46 5 
2013/08/10 18:05:11 84.51 3.10 1.23 13.33 54.92B 11.56 25.25% 90.36B 99.70 79.49 63.50% 6,160,230 5,700,200 0.90 1.36 3 
2013/08/11 12:38:12 84.51 3.10 1.23 13.33 54.92B 11.56 25.25% 90.29B 99.70 79.49 63.50% 6,160,230 5,700,200 0.90 1.36 3 
2013/08/20 22:56:57 83.86 3.09 1.25 13.23 54.31B 11.54 25.25% 90.71B 99.70 79.49 63.50% 6,019,930 5,391,470 0.90 1.36 3 
2013/08/22 20:57:32 84.17 3.05 1.21 13.27 54.51B 11.58 25.25% 90.71B 99.70 79.49 63.50% 6,018,320 5,376,160 0.89 1.36 3 
2013/08/23 10:46:22 84.06 3.09 1.23 13.22 54.44B 11.53 25.25% 90.71B 99.70 79.49 63.50% 6,011,120 4,972,140 0.90 1.36 3 
2013/08/24 19:50:33 83.89 3.09 1.22 13.23 54.33B 11.54 25.25% 90.71B 99.70 79.49 63.50% 5,982,100 4,654,520 0.90 1.36 3 
2013/08/25 23:09:18 83.89 3.09 1.22 13.23 54.33B 11.54 25.25% 89.89B 99.70 79.49 63.50% 5,982,100 4,654,520 0.90 1.36 3 
2013/08/27 01:03:34 83.56 3.08 1.22 13.18 54.11B 11.49 25.25% 89.89B 99.70 79.49 63.50% 5,973,150 4,498,750 0.90 1.36 3 
2013/08/30 23:07:28 82.54 3.03 1.21 13.02 53.45B 11.35 25.25% 89.89B 99.70 79.49 63.50% 5,963,930 4,623,810 0.89 1.36 4 
2013/09/01 19:01:38 82.54 3.03 1.21 13.02 53.45B 11.35 25.25% 89.01B 99.70 79.49 63.50% 5,986,270 4,830,760 0.89 1.36 4 
2013/09/02 13:17:55 82.54 3.03 1.21 13.02 53.45B 11.35 25.25% 89.01B 99.70 79.49 63.50% 5,986,270 4,830,760 0.89 1.36 4 
2013/09/03 17:37:37 82.51 3.03 1.21 13.01 53.43B 11.35 25.25% 89.01B 99.70 79.49 63.50% 5,986,270 4,830,760 0.89 1.36 4 
2013/09/03 18:02:53 82.51 3.03 1.21 13.01 53.43B 11.35 25.25% 89.01B 99.70 79.49 63.50% 5,986,270 4,830,760 0.89 1.36 4 
2013/09/03 19:02:38 82.51 3.03 1.21 13.01 53.43B 11.35 25.25% 89.01B 99.70 79.49 63.50% 5,986,270 4,830,760 0.89 1.36 1.48 9.36 7.02% 10.87% 4.65% 92.40 -15.80% 18.02B 9.50B 4.24B 6.34 -43.50% 6.17 39.56B 223.76 7.86B 5.66B 1.87 16.23% 84.29 85.96 647.62M 612.87M 0.23% 30.83M 4.50 5.30% 32.60M 4 
2013/09/04 03:26:55 82.51 3.03 1.21 13.01 53.43B 11.37 25.25% 89.01B 99.70 79.49 63.50% 6,008,950 5,355,400 0.89 1.36 1.48 9.36 7.02% 10.87% 4.65% 92.40 -15.80% 18.02B 9.50B 4.24B 6.34 -43.50% 6.17 39.56B 223.76 7.86B 5.66B 1.87 16.84% 84.15 85.71 647.62M 612.87M 0.23% 30.83M 4.50 5.30% 32.60M 4 