
2013/06/11 00:23:42 23.20 4.86 1.26 23.29 7.58B 14.06 20.26% 10.19B 25.69 14.97 94.10% 2,465,520 2,647,600 1.15 1.32 1 
2013/06/12 00:39:04 22.90 4.81 1.26 22.99 7.48B 13.88 20.26% 10.19B 25.69 14.97 94.10% 2,433,610 2,511,010 1.14 1.32 2 
2013/06/13 00:27:46 22.56 4.75 1.23 22.65 7.37B 13.67 20.26% 10.19B 25.69 14.97 94.10% 2,435,750 2,568,540 1.13 1.32 2 
2013/06/14 08:13:20 22.92 4.75 1.23 23.01 7.49B 13.89 20.26% 9.90B 25.69 14.97 94.10% 2,450,520 2,537,050 1.13 1.32 2 
2013/06/17 00:11:52 22.67 4.75 1.23 22.76 7.41B 13.74 20.26% 9.94B 25.69 14.97 94.10% 2,442,000 2,421,210 1.13 1.32 2 
2013/06/18 00:56:48 22.81 4.70 1.23 22.90 7.45B 13.82 20.26% 9.94B 25.69 14.97 94.10% 2,423,600 2,183,870 1.12 1.32 2 
2013/06/18 23:28:57 23.05 4.73 1.23 23.14 7.53B 13.97 20.26% 9.94B 25.69 14.97 94.10% 2,421,200 2,269,570 1.12 1.32 2 
2013/06/20 00:06:59 22.28 4.78 1.23 22.37 7.28B 13.50 20.26% 9.94B 25.69 14.97 94.10% 2,456,700 2,586,110 1.13 1.32 2 
2013/06/21 01:23:15 21.61 4.62 1.23 21.70 7.06B 13.10 20.26% 9.94B 25.69 14.97 94.10% 2,511,560 3,104,750 1.10 1.32 2 
2013/06/24 00:30:31 21.50 4.48 1.16 21.59 7.03B 13.03 20.26% 9.56B 25.69 14.97 94.70% 2,559,480 3,555,440 1.06 1.32 2 
2013/06/25 00:29:32 21.45 4.46 1.16 21.54 7.01B 13.00 20.26% 9.56B 25.69 14.97 94.70% 2,609,610 4,311,370 1.06 1.32 2 
2013/06/26 01:41:27 21.99 4.45 1.16 22.08 7.19B 13.33 20.26% 9.56B 25.69 14.97 94.70% 2,602,370 4,039,970 1.06 1.32 2 
2013/06/27 01:06:03 22.58 4.56 1.18 22.67 7.38B 13.68 20.26% 9.56B 25.69 14.97 94.70% 2,628,880 3,992,060 1.08 1.32 2 
2013/07/18 22:44:51 24.13 4.99 1.29 24.23 7.88B 14.62 20.26% 10.40B 25.69 14.97 94.70% 2,631,120 1,934,680 1.18 1.32 1 
2013/07/20 13:12:49 24.30 5.01 1.30 24.40 7.94B 14.73 20.26% 10.40B 25.69 14.97 94.70% 2,615,540 1,993,290 1.19 1.32 1 
2013/07/21 22:38:53 24.30 5.01 1.30 24.40 7.94B 14.73 20.26% 10.47B 25.69 14.97 94.70% 2,615,540 1,993,290 1.19 1.32 1 
2013/07/23 17:27:52 24.37 5.02 1.30 24.47 7.96B 14.77 20.26% 10.47B 25.69 14.97 94.70% 2,603,680 2,036,650 1.19 1.32 1 
2013/07/26 17:35:41 24.09 5.08 1.34 24.19 7.87B 14.69 20.26% 10.47B 25.69 15.36 94.70% 2,585,000 2,084,050 1.20 1.32 1 
2013/08/10 18:05:13 23.31 4.68 1.24 24.11 7.63B 13.79 19.73% 9.80B 25.69 16.73 94.70% 2,697,120 2,819,510 1.12 1.14 0 
2013/08/11 12:38:14 23.31 4.68 1.24 24.11 7.63B 13.79 19.73% 9.84B 25.69 16.73 94.70% 2,697,120 2,819,510 1.12 1.14 0 
2013/08/20 22:56:59 21.99 4.30 1.02 22.74 7.20B 13.01 19.73% 9.22B 25.69 16.73 94.70% 2,732,840 2,895,740 1.03 1.31 1 
2013/08/22 20:57:34 21.72 4.39 1.02 22.46 7.11B 12.85 19.73% 9.22B 25.69 16.73 94.70% 2,696,410 2,817,580 1.05 1.31 1 
2013/08/23 10:46:45 21.85 4.39 1.02 22.61 7.15B 12.93 19.73% 9.22B 25.69 16.73 94.70% 2,696,410 2,817,580 1.05 1.31 1 
2013/08/24 19:50:34 21.91 4.39 1.03 22.66 7.17B 12.96 19.73% 9.22B 25.69 16.73 94.70% 2,690,220 2,791,810 1.05 1.31 1 
2013/08/25 23:09:20 21.91 4.39 1.03 22.66 7.17B 12.96 19.73% 9.33B 25.69 16.73 94.70% 2,690,220 2,791,810 1.05 1.31 1 
2013/08/27 01:03:39 21.76 4.43 1.03 22.50 7.12B 12.88 19.73% 9.33B 25.69 16.73 94.70% 2,686,260 2,744,880 1.06 1.31 1 
2013/08/30 23:07:30 21.87 4.38 1.03 22.62 7.16B 12.94 19.73% 9.33B 25.69 16.73 94.70% 2,692,040 2,790,240 1.05 1.31 1 
2013/09/01 19:01:39 21.87 4.38 1.03 22.62 7.16B 12.94 19.73% 9.25B 25.69 16.73 94.70% 2,686,760 2,418,100 1.05 1.31 1 
2013/09/02 13:17:57 21.87 4.38 1.03 22.62 7.16B 12.94 19.73% 9.25B 25.69 16.73 94.70% 2,686,760 2,418,100 1.05 1.31 1 
2013/09/03 17:37:39 21.98 4.42 1.03 22.73 7.20B 13.01 19.73% 9.25B 25.69 16.73 94.70% 2,686,760 2,418,100 1.06 1.31 1 
2013/09/03 18:02:55 21.98 4.42 1.03 22.73 7.20B 13.01 19.73% 9.25B 25.69 16.73 94.70% 2,686,760 2,418,100 1.06 1.31 1 
2013/09/03 19:02:40 21.98 4.42 1.03 22.73 7.20B 13.01 19.73% 9.25B 25.69 16.73 94.70% 2,686,760 2,418,100 1.06 1.31 1.37 11.30 4.72% 9.51% 6.23% 20.83 8.80% 2.77B 819.15M 295.23M 0.97 -7.90% 1.58 2.67B 155.98 577.41M 285.71M 2.14 16.23% 22.99 23.74 327.42M 257.09M 1.49% 4.34M 1.80 1.60% 4.43M 1 
2013/09/04 03:26:57 21.98 4.44 1.24 22.73 7.20B 13.01 19.73% 9.80B 25.69 16.73 94.70% 2,691,320 2,690,330 1.06 1.14 1.45 11.68 4.72% 9.76% 6.40% 20.83 8.80% 2.77B 839.40M 295.23M 0.97 -7.90% 1.48 2.69B 157.34 N/A N/A 2.07 16.84% 22.93 23.71 327.42M 257.26M 1.49% 4.56M 1.60 1.60% 5.93M 1 