
2013/06/11 00:23:44 22.90 2.80 21.53 41.26 3.77B 9.96 10.15% 8.40B 26.95 17.69 104.00% 1,599,040 1,898,550 3.56 0.22 1 
2013/06/12 00:39:05 22.54 2.79 21.85 40.61 3.71B 9.80 10.15% 8.40B 26.95 17.86 104.00% 1,617,780 1,922,310 3.54 0.22 1 
2013/06/13 00:27:47 22.15 2.75 21.51 39.91 3.64B 9.63 10.15% 8.40B 26.95 17.86 104.00% 1,607,040 1,796,990 3.49 0.22 1 
2013/06/14 08:13:22 22.66 2.76 21.62 40.83 3.73B 9.85 10.15% 8.26B 26.95 18.11 104.00% 1,619,230 1,681,220 3.51 0.22 1 
2013/06/17 00:11:54 22.67 2.76 21.62 40.85 3.73B 9.86 10.15% 8.35B 26.95 18.11 104.00% 1,617,520 1,661,990 3.51 0.22 1 
2013/06/18 00:56:49 22.38 2.76 21.62 40.32 3.68B 9.73 10.15% 8.35B 26.95 18.11 104.00% 1,629,090 1,453,220 3.51 0.22 1 
2013/06/18 23:28:58 22.72 2.73 21.62 40.94 3.74B 9.88 10.15% 8.35B 26.95 18.11 104.00% 1,630,990 1,457,190 3.46 0.22 1 
2013/06/20 00:07:00 22.05 2.77 21.57 39.73 3.63B 9.59 10.15% 8.35B 26.95 18.11 104.00% 1,638,570 1,482,980 3.51 0.22 1 
2013/06/21 01:23:16 21.42 2.69 20.94 38.59 3.52B 9.31 10.15% 8.35B 26.95 18.11 104.00% 1,653,180 1,605,810 3.41 0.22 1 
2013/06/24 00:30:33 20.97 2.61 19.91 37.78 3.45B 9.12 10.15% 8.07B 26.95 18.11 90.30% 1,685,520 1,803,740 3.31 0.22 1 
2013/06/25 00:29:34 20.86 2.55 19.91 37.59 3.43B 9.07 10.15% 8.07B 26.95 18.22 90.30% 1,699,180 2,150,750 3.24 0.22 1 
2013/06/26 01:41:29 21.08 2.54 19.81 37.98 3.47B 9.17 10.15% 8.07B 26.95 18.22 90.30% 1,689,250 1,994,440 3.23 0.22 1 
2013/06/27 01:06:04 21.58 2.57 20.02 38.88 3.55B 9.34 10.15% 8.07B 26.95 18.22 90.30% 1,686,740 1,935,910 3.26 0.22 1 
2013/07/18 22:44:52 23.79 2.87 22.34 42.86 3.91B 10.30 10.15% 8.41B 26.95 18.64 90.30% 1,619,660 1,124,950 3.64 0.22 1 
2013/07/20 13:13:07 23.84 2.90 22.64 42.95 3.92B 10.32 10.15% 8.41B 26.95 18.64 90.30% 1,616,660 1,065,050 3.68 0.22 1 
2013/07/21 22:38:55 23.84 2.90 22.64 42.95 3.92B 10.32 10.15% 8.54B 26.95 18.64 90.30% 1,616,660 1,065,050 3.68 0.22 1 
2013/07/23 17:27:53 23.90 2.92 22.79 43.06 3.93B 10.35 10.15% 8.54B 26.95 18.64 90.30% 1,616,510 950,917 3.71 0.22 1 
2013/07/26 17:35:42 23.53 2.86 19.75 42.40 3.87B 10.19 10.15% 8.54B 26.95 19.18 90.30% 1,627,080 1,059,660 3.63 0.22 1 
2013/08/10 18:05:13 21.64 2.50 12.00 50.92 3.68B 9.41 9.07% 8.26B 26.95 20.22 90.30% 1,622,580 1,553,250 3.39 0.53 0 
2013/08/11 12:38:15 21.64 2.50 12.00 50.44 3.68B 9.41 9.07% 8.23B 26.95 20.22 90.30% 1,622,580 1,553,250 3.39 0.49 0 
2013/08/20 22:57:00 19.69 2.25 11.19 45.90 3.35B 8.52 9.07% 7.94B 26.95 19.27 90.30% 1,622,040 1,453,130 3.05 0.42 0 
2013/08/22 20:57:35 20.20 2.34 10.60 47.09 3.43B 8.74 9.07% 7.94B 26.95 19.27 90.30% 1,622,250 1,440,020 3.16 0.42 0 
2013/08/23 10:46:46 19.95 2.36 10.60 46.45 3.39B 8.63 9.07% 7.94B 26.95 19.27 90.30% 1,622,250 1,440,020 3.19 0.42 0 
2013/08/24 19:50:36 20.17 2.36 10.69 47.02 3.43B 8.73 9.07% 7.94B 26.95 19.27 90.30% 1,561,240 1,453,800 3.19 0.42 0 
2013/08/25 23:09:21 20.17 2.36 10.69 47.02 3.43B 8.73 9.07% 7.99B 26.95 19.27 90.30% 1,561,240 1,453,800 3.19 0.42 0 
2013/08/27 01:03:41 19.76 2.36 10.69 46.06 3.36B 8.55 9.07% 7.99B 26.95 19.27 90.30% 1,559,940 1,587,470 3.19 0.42 0 
2013/08/30 23:07:31 19.20 2.27 10.32 44.76 3.26B 8.35 9.07% 7.99B 26.95 19.19 90.30% 1,504,650 1,366,410 3.08 0.42 0 
2013/09/01 19:01:41 19.20 2.27 10.18 44.76 3.26B 8.35 9.07% 7.87B 26.95 19.19 90.30% 1,471,730 1,313,970 3.08 0.42 0 
2013/09/02 13:17:58 19.20 2.27 10.18 44.76 3.26B 8.35 9.07% 7.87B 26.95 19.19 90.30% 1,471,730 1,313,970 3.08 0.42 0 
2013/09/03 17:37:40 19.17 2.24 10.18 44.69 3.26B 8.33 9.07% 7.87B 26.95 19.19 90.30% 1,471,730 1,313,970 3.03 0.42 0 
2013/09/03 18:02:56 19.17 2.24 10.18 44.69 3.26B 8.33 9.07% 7.87B 26.95 19.19 90.30% 1,471,730 1,313,970 3.03 0.42 0 
2013/09/03 19:02:41 19.17 2.24 10.18 44.69 3.26B 8.33 9.07% 7.87B 26.95 19.19 90.30% 1,471,730 1,313,970 3.03 0.42 7.32 11.23 10.99% 39.38% 3.80% 6.64 4.50% 745.73M 700.67M 93.20M 0.43 -60.10% 0.38 4.63B 221.93 451.39M 378.58M 2.10 16.23% 21.69 22.92 169.90M 163.69M 10.62% 5.90M 4.70 5.20% 8.70M 0 
2013/09/04 03:26:58 19.17 2.24 4.55 44.69 3.26B 8.37 9.07% 7.87B 26.95 18.86 90.30% 1,477,250 1,493,530 3.03 0.42 7.32 11.23 10.99% 39.38% 3.80% 6.64 4.50% 745.73M 700.67M 93.20M 0.43 -60.10% 0.38 4.63B 221.93 451.39M 378.58M 2.10 16.84% 21.58 22.90 169.90M 163.69M 10.62% 5.90M 4.70 5.20% 8.70M 0 