
2013/06/11 00:23:45 47.79 3.13 1.16 18.79 29.32B 14.01 17.56% 35.53B 52.46 29.85 86.60% 6,128,780 6,028,300 2.06 1.18 1 
2013/06/12 00:39:06 47.09 3.12 1.16 18.52 28.89B 13.81 17.56% 35.53B 52.46 29.85 86.60% 6,154,600 6,021,100 2.05 1.18 1 
2013/06/13 00:27:50 45.92 3.07 1.14 18.06 28.18B 13.47 17.56% 35.53B 52.46 29.85 86.60% 6,220,220 6,319,520 2.02 1.18 1 
2013/06/14 08:13:23 47.36 3.09 1.14 18.62 29.06B 13.89 17.56% 34.23B 52.46 29.85 86.60% 6,296,100 6,937,820 2.03 1.18 1 
2013/06/17 00:11:55 47.72 3.09 1.15 18.77 29.28B 13.95 17.56% 35.34B 52.46 29.85 86.60% 6,249,560 7,075,020 2.03 1.18 1 
2013/06/18 00:56:51 47.79 3.11 1.15 18.79 29.32B 13.97 17.56% 35.34B 52.46 29.85 86.60% 6,227,530 6,783,350 2.04 1.18 1 
2013/06/18 23:29:00 48.75 3.12 1.15 19.17 29.91B 14.25 17.56% 35.34B 52.46 29.85 86.60% 6,204,150 6,437,670 2.05 1.18 1 
2013/06/20 00:07:01 48.38 3.18 1.15 19.02 29.69B 14.15 17.56% 35.34B 52.46 29.85 86.60% 6,173,190 6,434,580 2.09 1.18 1 
2013/06/21 01:23:17 46.93 3.16 1.15 18.45 28.80B 13.72 17.56% 35.34B 52.46 29.85 86.60% 6,156,680 6,591,720 2.07 1.18 1 
2013/06/24 00:30:35 46.89 3.06 1.26 18.44 28.77B 13.79 17.56% 34.83B 52.46 29.85 85.70% 6,187,830 6,865,750 2.01 1.18 1 
2013/06/25 00:29:36 46.66 3.06 1.26 18.35 28.63B 13.72 17.56% 34.83B 52.46 29.85 85.70% 6,153,100 5,955,870 2.01 1.18 1 
2013/06/26 01:41:31 47.93 3.04 1.26 18.85 29.41B 14.10 17.56% 34.83B 52.46 29.85 85.70% 6,110,030 5,795,190 2.00 1.18 1 
2013/06/27 01:06:05 48.43 3.13 1.30 19.04 29.72B 14.24 17.56% 34.83B 52.46 29.85 85.70% 6,056,520 5,407,120 2.05 1.18 1 
2013/07/18 22:44:55 53.54 3.43 1.39 21.05 32.85B 15.75 17.56% 38.51B 53.59 30.52 85.70% 5,618,120 4,060,680 2.25 1.18 1 
2013/07/20 13:13:24 52.50 3.49 1.44 20.64 32.21B 15.44 17.56% 38.51B 53.84 30.52 85.70% 5,535,070 3,955,040 2.29 1.18 1 
2013/07/21 22:38:58 52.50 3.49 1.44 20.64 32.21B 15.44 17.56% 38.27B 53.84 30.52 85.70% 5,535,070 3,955,040 2.29 1.18 1 
2013/07/23 17:27:54 52.47 3.43 1.40 20.63 32.19B 15.43 17.56% 38.27B 53.84 30.61 85.70% 5,506,890 3,954,620 2.25 1.18 1 
2013/07/26 17:35:44 53.50 3.43 1.40 21.04 32.83B 15.74 17.56% 38.27B 53.84 31.84 85.70% 5,350,230 3,416,520 2.25 1.18 1 
2013/08/10 18:05:15 53.55 3.43 1.41 20.20 32.61B 15.30 17.52% 39.35B 55.58 31.84 85.70% 5,005,660 4,331,720 2.24 1.25 1 
2013/08/11 12:38:16 53.55 3.43 1.41 20.20 32.61B 15.30 17.52% 38.53B 55.58 31.84 85.70% 5,005,660 4,331,720 2.24 1.25 1 
2013/08/20 22:57:02 51.55 3.22 1.34 19.45 31.18B 14.73 17.52% 37.40B 55.58 31.84 85.70% 4,661,560 3,546,310 2.10 1.25 1 
2013/08/22 20:57:36 52.74 3.20 1.40 19.89 31.90B 15.07 17.52% 39.35B 55.58 31.84 85.70% 4,597,860 3,871,100 2.09 1.25 1 
2013/08/23 10:46:47 52.24 3.32 1.34 19.69 31.60B 14.91 17.52% 37.40B 55.58 31.84 85.70% 4,597,860 3,871,100 2.17 1.25 1 
2013/08/24 19:50:37 53.20 3.32 1.38 20.07 32.18B 15.20 17.52% 37.40B 55.58 31.84 85.70% 4,572,230 4,093,160 2.17 1.25 1 
2013/08/25 23:09:22 53.20 3.32 1.38 20.07 32.18B 15.20 17.52% 38.32B 55.58 31.84 85.70% 4,572,230 4,093,160 2.17 1.25 1 
2013/08/27 01:03:44 52.91 3.35 1.38 19.96 32.00B 15.12 17.52% 38.32B 55.58 31.84 85.70% 4,557,520 3,674,580 2.19 1.25 1 
2013/08/30 23:07:32 51.10 3.25 1.36 19.28 30.91B 14.60 17.52% 38.32B 55.58 31.84 85.70% 4,550,160 3,732,330 2.12 1.25 1 
2013/09/01 19:01:42 51.10 3.25 1.36 19.28 30.91B 14.60 17.52% 37.05B 55.58 31.84 85.70% 4,479,360 3,352,410 2.12 1.25 1 
2013/09/02 13:17:59 51.10 3.25 1.36 19.28 30.91B 14.60 17.52% 37.05B 55.58 31.84 85.70% 4,479,360 3,352,410 2.12 1.25 1 
2013/09/03 17:37:42 53.50 3.22 1.36 20.18 32.36B 15.29 17.52% 37.05B 55.58 31.84 85.70% 4,479,360 3,352,410 2.10 1.25 1 
2013/09/03 18:02:57 53.50 3.22 1.36 20.18 32.36B 15.29 17.52% 37.05B 55.58 31.84 85.70% 4,479,360 3,352,410 2.10 1.25 1 
2013/09/03 19:02:42 53.50 3.22 1.40 20.18 32.36B 15.29 17.52% 39.35B 55.58 31.84 85.70% 4,479,360 3,352,410 2.10 1.25 2.68 10.78 11.56% 21.64% 7.58% 23.51 6.40% 14.09B 3.65B 1.73B 2.65 10.50% 0.46 6.42B 66.90 1.61B 2.02B 1.79 16.23% 52.74 48.53 604.81M 565.35M 1.43% 17.39M 3.70 3.10% 18.27M 1 
2013/09/04 03:26:59 53.50 3.37 1.36 20.18 32.36B 15.29 17.52% 37.05B 55.58 31.84 85.70% 4,498,080 3,614,500 2.20 1.25 2.52 10.18 11.56% 21.57% 7.55% 23.51 11.10% 14.09B 3.64B 1.73B 2.65 10.50% 0.47 6.42B 66.90 1.61B 2.04B 1.79 16.84% 52.75 48.68 604.81M 561.46M 1.43% 17.93M 4.70 3.20% 17.75M 1 