
2013/06/11 00:23:47 37.16 4.48 1.46 17.42 10.18B 13.18 24.16% 13.27B 39.40 26.12 83.00% 2,466,710 2,436,070 1.26 0.96 2 
2013/06/12 00:39:08 35.92 4.50 1.47 16.84 9.84B 12.74 24.16% 13.27B 39.40 26.12 83.00% 2,509,240 2,703,660 1.27 0.96 2 
2013/06/13 00:27:51 35.90 4.35 1.45 16.83 9.84B 12.78 24.16% 13.27B 39.40 26.12 83.00% 2,523,850 2,674,090 1.22 0.96 2 
2013/06/14 08:13:25 36.26 4.39 1.48 17.00 9.94B 12.90 24.16% 12.96B 39.40 26.18 83.00% 2,532,140 2,572,180 1.24 0.96 2 
2013/06/17 00:11:57 36.14 4.39 1.48 16.94 9.90B 12.91 24.16% 13.02B 39.40 26.18 83.00% 2,541,930 2,587,100 1.24 0.96 2 
2013/06/18 00:56:53 36.19 4.37 1.48 16.97 9.92B 12.92 24.16% 13.02B 39.40 26.18 83.00% 2,530,360 2,520,180 1.23 0.96 2 
2013/06/18 23:29:02 36.49 4.38 1.48 17.11 10.00B 13.03 24.16% 13.02B 39.40 26.18 83.00% 2,525,580 2,402,570 1.23 0.96 2 
2013/06/20 00:07:03 35.79 4.42 1.49 16.78 9.81B 12.78 24.16% 13.02B 39.40 26.18 83.00% 2,543,730 2,473,780 1.24 0.96 2 
2013/06/21 01:23:20 34.58 4.33 1.46 16.21 9.48B 12.35 24.16% 13.02B 39.40 26.18 83.00% 2,571,400 2,778,700 1.22 0.96 2 
2013/06/24 00:30:38 34.49 4.19 1.41 16.17 9.45B 12.32 24.16% 12.57B 39.40 26.18 83.40% 2,594,290 2,707,780 1.18 0.96 2 
2013/06/25 00:29:38 34.31 4.18 1.41 16.09 9.40B 12.25 24.16% 12.57B 39.40 26.18 83.40% 2,626,580 3,174,980 1.18 0.96 2 
2013/06/26 01:41:35 34.06 4.15 1.40 15.97 9.33B 12.16 24.16% 12.57B 39.40 26.19 83.40% 2,701,730 3,609,710 1.17 0.96 2 
2013/06/27 01:06:07 34.81 4.12 1.39 16.32 9.54B 12.43 24.16% 12.57B 39.40 26.19 83.40% 2,766,310 4,008,860 1.16 0.96 2 
2013/07/18 22:44:57 37.04 4.49 1.52 17.37 10.15B 13.28 24.16% 13.23B 39.40 26.61 83.40% 2,837,250 2,504,040 1.26 0.96 2 
2013/07/20 13:13:52 37.17 4.48 1.52 17.43 10.19B 13.32 24.16% 13.23B 39.40 26.61 83.40% 2,858,960 2,380,390 1.26 0.96 2 
2013/07/21 22:39:01 37.17 4.48 1.52 17.43 10.19B 13.32 24.16% 13.30B 39.40 26.61 83.40% 2,858,960 2,380,390 1.26 0.96 2 
2013/07/23 17:27:56 37.49 4.52 1.53 17.58 10.27B 13.44 24.16% 13.30B 39.40 27.04 83.40% 2,850,450 2,231,180 1.27 0.96 2 
2013/07/26 17:35:45 37.85 4.62 1.56 17.74 10.37B 13.52 24.16% 13.30B 39.40 28.44 83.40% 2,752,970 2,333,090 1.30 0.96 2 
2013/08/10 18:05:16 38.18 4.91 1.56 18.07 10.21B 13.59 24.97% 13.61B 39.40 28.82 83.40% 2,602,610 1,622,540 1.28 1.10 2 
2013/08/11 12:38:18 38.18 4.91 1.56 18.07 10.21B 13.59 24.97% 13.63B 39.40 28.82 83.40% 2,602,610 1,622,540 1.28 1.10 2 
2013/08/20 22:57:05 37.55 4.79 1.53 17.77 10.04B 13.36 24.97% 13.47B 39.40 28.82 83.40% 2,499,280 2,073,060 1.25 1.10 2 
2013/08/22 20:57:39 37.47 4.75 1.52 17.73 10.02B 13.33 24.97% 13.47B 39.40 28.82 83.40% 2,481,990 1,963,980 1.24 1.10 2 
2013/08/23 10:46:49 37.54 4.80 1.53 17.72 10.04B 13.32 24.97% 13.47B 39.40 28.82 83.40% 2,491,810 2,066,500 1.25 1.10 2 
2013/08/24 19:50:39 37.59 4.80 1.54 17.79 10.05B 13.38 24.97% 13.47B 39.40 28.82 83.40% 2,478,150 2,020,310 1.25 1.10 2 
2013/08/25 23:09:24 37.59 4.80 1.54 17.79 10.05B 13.38 24.97% 13.47B 39.40 28.82 83.40% 2,478,150 2,020,310 1.25 1.10 2 
2013/08/27 01:03:49 37.22 4.81 1.54 17.61 9.95B 13.25 24.97% 13.47B 39.40 28.82 83.40% 2,474,570 1,668,300 1.26 1.10 2 
2013/08/30 23:07:34 37.40 4.79 1.53 17.70 10.00B 13.31 24.97% 13.47B 39.40 28.82 83.40% 2,467,730 1,720,030 1.25 1.10 2 
2013/09/01 19:01:44 37.40 4.79 1.53 17.70 10.00B 13.31 24.97% 13.44B 39.40 28.82 83.40% 2,466,250 1,968,600 1.25 1.10 2 
2013/09/02 13:18:01 37.40 4.79 1.53 17.70 10.00B 13.31 24.97% 13.44B 39.40 28.82 83.40% 2,466,250 1,968,600 1.25 1.10 2 
2013/09/03 17:37:44 38.54 4.79 1.53 18.24 10.30B 13.72 24.97% 13.44B 39.40 28.82 83.40% 2,466,250 1,968,600 1.25 1.10 2 
2013/09/03 18:02:59 38.54 4.79 1.53 18.24 10.30B 13.72 24.97% 13.44B 39.40 28.82 83.40% 2,466,250 1,968,600 1.25 1.10 2 
2013/09/03 19:02:44 38.54 4.79 1.53 18.24 10.30B 13.72 24.97% 13.44B 39.40 28.82 83.40% 2,466,250 1,968,600 1.25 1.10 1.68 10.26 7.58% 12.56% 6.84% 28.39 -2.40% 2.90B 1.31B 606.00M 2.11 -11.20% 1.04 3.70B 177.07 864.00M 621.88M 0.81 16.23% 37.62 36.78 267.34M 248.23M 6.98% 4.01M 2.00 1.50% 4.73M 2 
2013/09/04 03:27:02 38.54 4.93 1.57 18.24 10.30B 13.72 24.97% 13.44B 39.40 28.82 83.40% 2,494,780 2,499,480 1.29 1.10 1.68 10.26 7.58% 12.56% 6.84% 28.39 -2.40% 2.90B 1.31B 606.00M 2.11 -11.20% 1.04 3.70B 177.07 864.00M 621.88M 0.81 16.84% 37.66 36.81 267.34M 248.23M 6.98% 4.01M 2.00 1.50% 4.73M 2 