
2013/06/11 00:23:49 69.21 6.93 3.20 133.10 20.15B 56.73 5.87% 31.13B 81.16 55.90 96.00% 1,935,060 3,341,370 7.81 1.36 0 
2013/06/12 00:39:09 69.35 6.83 3.20 133.37 20.19B 56.84 5.87% 31.13B 81.16 55.90 96.00% 1,949,520 3,166,670 7.69 1.36 0 
2013/06/13 00:27:52 68.00 6.84 3.20 130.77 19.79B 55.74 5.87% 31.13B 81.16 55.90 96.00% 1,957,730 3,053,580 7.70 1.36 0 
2013/06/14 08:13:26 69.74 6.88 3.16 134.12 20.30B 57.16 5.87% 30.47B 81.16 55.90 96.00% 2,016,310 3,357,710 7.75 1.36 0 
2013/06/17 00:11:58 70.34 6.88 3.16 135.27 20.48B 57.66 5.87% 31.15B 81.16 55.90 96.00% 2,033,480 3,332,660 7.75 1.36 0 
2013/06/18 00:56:54 70.34 6.94 3.16 135.27 20.48B 57.66 5.87% 31.15B 81.16 55.90 96.00% 2,064,360 3,030,650 7.81 1.36 0 
2013/06/18 23:29:03 71.33 6.94 3.16 137.17 20.76B 58.47 5.87% 31.15B 81.16 55.90 96.00% 2,070,340 2,822,540 7.81 1.36 0 
2013/06/20 00:07:04 69.54 7.04 3.16 133.73 20.24B 57.00 5.87% 31.15B 81.16 55.90 96.00% 2,085,820 2,791,180 7.92 1.36 0 
2013/06/21 01:23:21 67.70 6.86 3.15 130.19 19.71B 55.49 5.87% 31.15B 81.16 55.90 96.00% 2,109,270 2,882,170 7.72 1.36 0 
2013/06/24 00:30:39 68.53 6.68 3.07 131.79 19.95B 56.17 5.87% 30.62B 81.16 55.90 95.20% 2,141,850 3,030,710 7.52 1.36 0 
2013/06/25 00:29:39 67.33 6.76 3.07 129.48 19.60B 55.19 5.87% 30.62B 81.16 56.29 95.20% 2,151,510 2,597,870 7.61 1.36 0 
2013/06/26 01:41:37 68.32 6.64 3.07 131.38 19.89B 56.00 5.87% 30.62B 81.16 57.44 95.20% 2,156,910 2,440,130 7.48 1.36 0 
2013/06/27 01:06:08 70.13 6.74 3.09 134.87 20.41B 57.48 5.87% 30.62B 81.16 57.44 95.20% 2,177,950 2,504,910 7.59 1.36 0 
2013/07/18 22:44:59 76.43 7.54 3.31 146.98 22.25B 62.65 5.87% 33.18B 81.16 57.60 95.20% 2,450,580 2,719,580 8.49 1.36 0 
2013/07/20 13:15:28 76.72 7.54 3.31 147.54 22.33B 62.89 5.87% 33.18B 81.16 57.60 95.20% 2,450,480 2,624,640 8.49 1.36 0 
2013/07/21 22:39:03 76.72 7.54 3.31 147.54 22.33B 62.89 5.87% 33.01B 81.16 57.60 95.20% 2,450,480 2,624,640 8.49 1.36 0 
2013/07/23 17:27:57 76.85 7.56 3.32 147.79 22.37B 62.99 5.87% 33.01B 81.16 57.60 95.20% 2,457,680 2,200,420 8.51 1.36 0 
2013/07/26 17:35:46 73.35 7.27 3.19 141.06 21.35B 60.12 5.87% 33.01B 81.16 60.85 95.20% 2,431,810 2,232,550 8.18 1.36 0 
2013/08/10 18:05:17 68.76 6.87 3.14 226.18 20.02B 57.78 3.58% 30.84B 81.16 61.33 95.20% 2,558,480 2,606,310 7.22 1.37 -1 
2013/08/11 12:38:19 68.76 6.87 3.14 226.18 20.02B 57.78 3.58% 30.69B 81.16 61.33 95.20% 2,558,480 2,606,310 7.22 1.37 -1 
2013/08/20 22:57:08 68.96 6.85 3.11 226.84 20.08B 57.95 3.58% 30.44B 81.16 61.33 95.20% 2,600,310 2,064,300 7.20 1.37 -1 
2013/08/22 20:57:40 68.13 6.83 3.12 224.11 19.84B 57.25 3.58% 30.44B 81.16 61.33 95.20% 2,570,780 1,765,220 7.18 1.37 -1 
2013/08/23 10:47:11 68.50 6.82 3.12 224.65 19.95B 57.39 3.58% 30.44B 81.16 61.33 95.20% 2,570,780 1,765,220 7.16 1.37 -1 
2013/08/24 19:50:40 69.73 6.82 3.19 229.38 20.31B 58.60 3.58% 30.44B 81.16 61.53 95.20% 2,542,400 1,613,120 7.16 1.37 -1 
2013/08/25 23:09:25 69.73 6.82 3.19 229.38 20.31B 58.60 3.58% 30.97B 81.16 61.53 95.20% 2,542,400 1,613,120 7.16 1.37 -1 
2013/08/27 01:03:52 68.99 6.98 3.19 226.94 20.09B 57.97 3.58% 30.97B 81.16 61.95 95.20% 2,527,870 1,226,530 7.33 1.37 -1 
2013/08/30 23:07:35 69.42 6.99 3.20 228.36 20.22B 58.34 3.58% 30.97B 81.16 62.31 95.20% 2,526,820 1,402,630 7.35 1.37 -1 
2013/09/01 19:01:45 69.42 6.99 3.20 228.36 20.22B 58.34 3.58% 31.02B 81.16 62.84 95.20% 2,431,780 1,338,790 7.35 1.37 -1 
2013/09/02 13:18:02 69.42 6.99 3.20 228.36 20.22B 58.34 3.58% 31.02B 81.16 62.84 95.20% 2,431,780 1,338,790 7.35 1.37 -1 
2013/09/03 17:37:45 69.23 6.94 3.17 227.73 20.16B 58.18 3.58% 31.02B 81.16 62.84 95.20% 2,431,780 1,338,790 7.30 1.37 -1 
2013/09/03 18:03:00 69.23 6.94 3.17 227.73 20.16B 58.18 3.58% 31.02B 81.16 62.84 95.20% 2,431,780 1,338,790 7.30 1.37 -1 
2013/09/03 19:02:45 69.23 6.94 3.17 227.73 20.16B 58.18 3.58% 31.02B 81.16 62.84 95.20% 2,431,780 1,338,790 7.30 1.37 11.20 18.96 3.26% 33.50% 4.14% 9.52 25.50% 1.70B 1.64B 90.36M 0.30 -54.90% 0.44 10.79B 368.85 1.01B 555.07M 0.36 16.23% 71.17 72.10 291.22M 288.07M 0.91% 4.91M 2.10 1.90% 5.30M -1 
2013/09/04 03:27:03 69.23 6.93 3.17 227.73 20.16B 58.18 3.58% 31.02B 81.16 63.08 95.20% 2,405,290 1,414,350 7.28 1.37 11.20 18.96 3.26% 33.50% 4.14% 9.52 25.50% 1.70B 1.64B 90.36M 0.30 -54.90% 0.44 10.79B 368.85 1.01B 555.07M 0.36 16.84% 70.94 72.18 291.22M 288.07M 0.91% 4.91M 2.10 1.90% 5.30M -1 