
2013/06/11 00:23:50 32.47 1.08 1.52 17.13 25.16B 14.24 6.25% 34.28B 39.95 31.65 29.40% 5,296,250 5,406,170 1.65 0.26 2 
2013/06/12 00:39:10 32.34 1.07 1.51 17.06 25.06B 14.18 6.25% 34.28B 39.95 31.65 29.40% 5,286,910 5,212,460 1.63 0.26 2 
2013/06/13 00:27:53 32.72 1.07 1.41 17.26 25.36B 14.35 6.25% 34.28B 39.95 31.65 29.40% 5,315,690 5,196,060 1.63 0.26 2 
2013/06/14 08:13:28 33.92 1.12 1.47 17.89 26.29B 14.88 6.25% 34.29B 39.95 31.65 29.40% 5,331,780 4,948,380 1.71 0.26 2 
2013/06/17 00:11:59 33.84 1.12 1.47 17.85 26.23B 14.84 6.25% 35.16B 39.95 31.65 29.40% 5,200,740 4,566,300 1.71 0.26 2 
2013/06/18 00:56:55 33.70 1.11 1.47 17.77 26.12B 14.78 6.25% 35.16B 39.95 31.65 29.40% 4,980,260 4,397,970 1.70 0.26 2 
2013/06/18 23:29:04 34.31 1.11 1.47 18.10 26.59B 15.05 6.25% 35.16B 39.95 31.65 29.40% 4,896,530 4,344,640 1.70 0.26 2 
2013/06/20 00:07:05 33.82 1.13 1.49 17.84 26.21B 14.83 6.25% 35.16B 39.95 31.65 29.40% 4,847,750 4,524,860 1.73 0.26 2 
2013/06/21 01:23:22 33.44 1.11 1.47 17.64 25.92B 14.67 6.25% 35.16B 39.95 31.65 29.40% 4,869,010 4,746,610 1.70 0.26 2 
2013/06/24 00:30:41 33.43 1.10 1.45 17.63 25.91B 14.73 6.25% 34.84B 39.95 31.65 27.20% 4,894,820 5,266,040 1.68 0.26 2 
2013/06/25 00:29:41 33.22 1.10 1.45 17.52 25.75B 14.63 6.25% 34.84B 39.95 31.65 27.20% 4,933,470 6,258,200 1.68 0.26 2 
2013/06/26 01:41:39 34.89 1.09 1.46 18.40 27.04B 15.44 6.25% 34.84B 39.95 31.65 27.20% 5,007,080 6,906,290 1.67 0.26 2 
2013/06/27 01:06:10 34.78 1.15 1.54 18.34 26.95B 15.46 6.25% 34.84B 39.95 31.65 27.20% 5,014,540 6,618,140 1.76 0.26 2 
2013/07/18 22:45:00 36.66 1.21 1.61 18.98 28.41B 16.51 6.48% 37.12B 39.95 31.65 27.20% 4,669,470 2,443,450 1.83 0.29 2 
2013/07/20 13:15:45 36.63 1.22 1.62 18.97 28.39B 16.50 6.48% 37.12B 39.95 31.65 27.20% 4,624,860 2,565,300 1.85 0.29 2 
2013/07/21 22:39:05 36.63 1.22 1.62 18.97 28.39B 16.50 6.48% 37.56B 39.95 31.65 27.20% 4,624,860 2,565,300 1.85 0.29 2 
2013/07/23 17:27:58 36.72 1.22 1.62 19.02 28.46B 16.54 6.48% 37.56B 39.95 31.65 27.20% 4,586,860 2,642,230 1.85 0.29 2 
2013/07/26 17:35:47 37.36 1.23 1.63 19.35 28.95B 16.83 6.48% 37.56B 39.95 32.06 27.20% 4,519,590 3,123,750 1.87 0.29 2 
2013/08/10 18:05:18 36.51 1.23 1.62 18.91 28.30B 16.45 6.48% 38.39B 39.95 32.06 27.20% 4,428,740 3,092,020 1.87 0.29 2 
2013/08/11 12:38:20 36.51 1.23 1.62 18.91 28.30B 16.45 6.48% 37.47B 39.95 32.06 27.20% 4,428,740 3,092,020 1.87 0.29 2 
2013/08/20 22:57:11 36.16 1.19 1.59 18.73 28.02B 16.29 6.48% 37.48B 39.95 32.06 27.20% 4,458,780 3,143,840 1.81 0.29 2 
2013/08/22 20:57:41 37.41 1.21 1.61 19.37 28.99B 16.85 6.48% 37.48B 39.95 32.06 27.20% 4,157,480 3,155,680 1.84 0.29 2 
2013/08/23 10:47:12 37.29 1.25 1.66 19.30 28.90B 16.78 6.48% 37.48B 39.95 32.06 27.20% 4,035,090 3,074,700 1.89 0.29 2 
2013/08/24 19:50:42 37.37 1.25 1.65 19.35 28.96B 16.83 6.48% 37.48B 39.95 32.06 27.20% 3,971,030 3,097,000 1.89 0.29 2 
2013/08/25 23:09:26 37.37 1.25 1.65 19.35 28.96B 16.83 6.48% 38.13B 39.95 32.06 27.20% 3,971,030 3,097,000 1.89 0.29 2 
2013/08/27 01:03:54 37.48 1.24 1.65 19.41 29.05B 16.88 6.48% 38.13B 39.95 32.06 27.20% 3,964,250 3,251,420 1.89 0.29 2 
2013/08/30 23:07:36 36.09 1.20 1.60 18.69 27.97B 16.26 6.48% 38.13B 39.95 32.06 27.20% 3,947,220 3,252,720 1.82 0.29 2 
2013/09/01 19:01:46 36.09 1.20 1.60 18.69 27.97B 16.26 6.48% 37.13B 39.95 32.06 27.20% 3,867,980 3,203,870 1.82 0.29 2 
2013/09/02 13:18:03 36.09 1.20 1.60 18.69 27.97B 16.26 6.48% 37.13B 39.95 32.06 27.20% 3,867,980 3,203,870 1.82 0.29 2 
2013/09/03 17:37:46 35.98 1.20 1.60 18.63 27.88B 16.21 6.48% 37.13B 39.95 32.06 27.20% 3,867,980 3,203,870 1.82 0.29 2 
2013/09/03 18:03:01 35.98 1.20 1.60 18.63 27.88B 16.21 6.48% 37.13B 39.95 32.06 27.20% 3,867,980 3,203,870 1.82 0.29 2 
2013/09/03 19:02:46 35.98 1.20 1.60 18.63 27.88B 16.21 6.48% 37.13B 39.95 32.06 27.20% 3,867,980 3,203,870 1.82 0.29 2.42 10.80 9.79% 12.29% 2.96% 19.75 -1.70% 5.06B 3.44B 1.50B 1.93 192.90% 0.92 9.88B 42.45 3.10B 827.25M 1.19 16.23% 36.76 34.98 775.00M 563.21M 0.10% 15.62M 5.10 4.40% 14.83M 2 
2013/09/04 03:27:04 35.98 1.20 1.59 18.63 27.88B 16.21 6.48% 37.13B 39.95 32.06 27.20% 3,815,230 3,306,920 1.82 0.29 2.42 10.80 9.79% 12.29% 2.96% 19.75 -1.70% 5.06B 3.44B 1.50B 1.93 192.90% 0.92 9.88B 42.45 3.10B 827.25M 1.19 16.84% 36.76 34.94 775.00M 563.21M 0.10% 15.62M 5.10 4.40% 14.83M 2 