
2013/06/11 00:23:57 117.83 9.06 0.94 35.85 49.15B 17.03 24.75% 49.83B 131.82 58.53 83.30% 3,185,720 3,982,270 8.81 3.37 2 
2013/06/12 00:39:17 118.75 8.87 0.94 36.13 49.53B 17.16 24.75% 49.83B 131.82 58.53 83.30% 3,169,590 3,746,270 8.63 3.37 2 
2013/06/13 00:28:01 118.11 8.94 0.93 35.93 49.27B 17.07 24.75% 49.83B 131.82 58.53 83.30% 3,179,260 3,752,750 8.69 3.37 2 
2013/06/14 08:13:34 120.26 9.05 0.93 36.59 50.16B 17.33 24.75% 48.87B 131.82 58.53 83.30% 3,156,690 3,451,520 8.80 3.37 3 
2013/06/17 00:12:06 119.36 9.05 0.93 36.31 49.79B 17.20 24.75% 49.39B 131.82 58.53 83.30% 3,136,590 3,273,590 8.80 3.37 3 
2013/06/18 00:57:01 117.70 8.98 0.93 35.81 49.10B 16.96 24.75% 49.39B 131.82 58.53 83.30% 3,095,570 2,483,370 8.74 3.37 2 
2013/06/18 23:29:10 120.24 8.86 0.93 36.58 50.15B 17.33 24.75% 49.39B 131.82 58.53 83.30% 3,073,710 2,389,740 8.62 3.37 3 
2013/06/20 00:07:10 116.89 9.05 0.93 35.56 48.76B 16.84 24.75% 49.39B 131.82 58.53 83.30% 3,059,000 2,315,520 8.80 3.37 2 
2013/06/21 01:23:27 113.51 8.80 0.93 34.53 47.35B 16.36 24.75% 49.39B 131.82 58.53 83.30% 3,061,480 2,415,980 8.56 3.37 2 
2013/06/24 00:30:46 113.89 8.54 0.89 34.65 47.51B 16.46 24.75% 47.11B 131.82 60.90 84.20% 3,122,960 2,770,590 8.31 3.37 3 
2013/06/25 00:29:46 113.00 8.57 0.89 34.38 47.13B 16.33 24.75% 47.11B 131.82 61.37 84.20% 3,149,300 2,924,350 8.34 3.37 2 
2013/06/26 01:41:48 114.55 8.51 0.88 34.85 47.78B 16.51 24.75% 47.11B 131.82 61.37 84.20% 3,141,490 2,807,510 8.27 3.37 3 
2013/06/27 01:06:16 118.13 8.62 0.89 35.94 49.27B 17.02 24.75% 47.11B 131.82 61.37 84.20% 3,134,140 2,789,560 8.39 3.37 3 
2013/07/18 22:45:07 133.05 10.28 1.07 40.48 55.50B 19.17 24.75% 55.73B 137.80 63.89 84.20% 3,150,470 3,311,080 10.00 3.37 2 
2013/07/20 13:16:32 135.89 10.02 1.06 41.34 56.68B 19.52 24.75% 55.73B 137.80 63.89 84.20% 3,152,180 3,470,910 9.74 3.37 3 
2013/07/21 22:39:15 135.89 10.02 1.06 41.34 56.68B 19.52 24.75% 56.29B 137.80 63.89 84.20% 3,152,180 3,470,910 9.74 3.37 3 
2013/07/23 17:28:03 135.08 10.39 1.07 41.10 56.34B 19.41 24.75% 56.29B 138.67 63.89 84.20% 3,128,390 3,021,770 10.11 3.37 3 
2013/07/26 17:35:52 143.94 10.59 1.09 43.79 60.04B 20.53 24.75% 56.29B 138.77 66.87 84.20% 3,001,060 2,890,170 10.30 3.37 3 
2013/08/10 18:05:23 142.07 10.80 1.08 39.73 58.43B 19.90 27.28% 60.19B 149.92 69.00 84.20% 2,892,170 2,298,560 9.85 2.62 1 
2013/08/11 12:38:25 142.07 10.80 1.08 39.73 58.43B 19.90 27.28% 58.01B 149.92 69.00 84.20% 2,892,170 2,298,560 9.85 2.62 2 
2013/08/20 22:57:22 135.74 10.07 1.00 37.96 55.83B 18.91 27.28% 54.07B 149.92 70.42 84.20% 2,736,380 2,050,060 9.19 2.62 3 
2013/08/22 20:57:48 137.91 10.46 1.08 38.57 56.72B 19.32 27.28% 60.19B 149.92 70.42 84.20% 2,694,840 2,134,140 9.54 2.62 1 
2013/08/23 10:47:17 137.68 10.49 1.04 38.41 56.62B 19.13 27.28% 54.07B 149.92 70.42 84.20% 2,694,840 2,134,140 9.56 2.62 3 
2013/08/24 19:50:47 138.27 10.49 1.05 38.67 56.87B 19.26 27.28% 54.07B 149.92 70.42 84.20% 2,684,110 1,979,510 9.56 2.62 3 
2013/08/25 23:09:32 138.27 10.49 1.05 38.67 56.87B 19.26 27.28% 56.45B 149.92 70.42 84.20% 2,684,110 1,979,510 9.56 2.62 3 
2013/08/27 01:04:03 141.16 10.51 1.05 39.47 58.06B 19.66 27.28% 56.45B 149.92 70.42 84.20% 2,688,540 2,022,650 9.59 2.62 3 
2013/08/30 23:07:41 139.98 10.84 1.08 39.14 57.57B 19.41 27.28% 56.45B 149.92 70.66 84.20% 2,695,940 2,264,380 9.89 2.62 3 
2013/09/01 19:01:51 139.98 10.84 1.06 39.14 57.57B 19.41 27.28% 58.22B 149.92 70.66 84.20% 2,650,260 2,205,530 9.89 2.62 2 
2013/09/02 13:18:09 139.98 10.84 1.06 39.14 57.57B 19.41 27.28% 58.22B 149.92 70.66 84.20% 2,650,260 2,205,530 9.89 2.62 2 
2013/09/03 17:37:52 143.01 10.64 1.06 39.99 58.82B 19.83 27.28% 58.22B 149.92 70.66 84.20% 2,650,260 2,205,530 9.71 2.62 3 
2013/09/03 18:03:08 143.01 10.64 1.06 39.99 58.82B 19.83 27.28% 58.22B 149.92 70.66 84.20% 2,650,260 2,205,530 9.71 2.62 3 
2013/09/03 19:02:51 143.01 10.64 1.06 39.99 58.82B 19.83 27.28% 58.22B 149.92 70.66 84.20% 2,650,260 2,205,530 9.71 2.62 9.82 23.28 26.14% 36.41% 12.08% 14.11 17.00% 5.21B 2.50B 1.55B 3.58 30.10% 9.92 3.67B 67.80 2.16B 1.81B 0.91 16.23% 139.41 122.57 411.28M 410.53M 0.09% 3.99M 1.60 1.00% 4.34M 3 
2013/09/04 03:27:09 143.01 10.88 1.08 39.99 58.82B 19.83 27.28% 58.22B 149.92 70.66 84.20% 2,614,060 2,480,500 9.92 2.62 9.82 23.28 26.14% 36.41% 12.08% 14.11 17.00% 5.21B 2.50B 1.55B 3.58 30.10% 9.92 3.67B 67.80 2.16B 1.81B 0.91 16.84% 139.64 123.24 411.28M 410.53M 0.09% 3.99M 1.60 1.00% 4.34M 3 