
2013/06/11 00:24:07 17.55 2.65 0.89 16.42 2.78B 12.90 16.69% 2.56B 19.95 13.52 85.30% 2,589,410 2,693,880 1.09 1.88 3 
2013/06/12 00:39:27 17.06 2.59 0.89 15.96 2.71B 12.54 16.69% 2.56B 19.95 13.52 85.30% 2,589,060 2,924,200 1.07 1.88 3 
2013/06/13 00:28:10 16.91 2.52 0.84 15.82 2.68B 12.43 16.69% 2.56B 19.95 13.52 85.30% 2,600,330 2,973,880 1.04 1.88 3 
2013/06/14 08:13:43 17.27 2.55 0.85 16.16 2.74B 12.70 16.69% 2.39B 19.95 13.52 85.30% 2,599,840 2,947,190 1.05 1.88 3 
2013/06/17 00:12:16 16.96 2.55 0.85 15.87 2.69B 12.47 16.69% 2.40B 19.95 13.52 85.30% 2,591,990 2,933,460 1.05 1.88 3 
2013/06/18 00:57:11 17.06 2.51 0.85 15.96 2.71B 12.54 16.69% 2.40B 19.95 13.76 85.30% 2,579,140 2,827,400 1.03 1.88 3 
2013/06/18 23:29:19 17.04 2.52 0.85 15.94 2.70B 12.53 16.69% 2.40B 19.95 13.76 85.30% 2,587,820 2,828,440 1.04 1.88 3 
2013/06/20 00:07:19 16.90 2.52 0.85 15.81 2.68B 12.43 16.69% 2.40B 19.95 13.76 85.30% 2,562,200 2,795,920 1.04 1.88 3 
2013/06/21 01:23:36 16.55 2.50 0.83 15.48 2.62B 12.17 16.69% 2.40B 19.95 13.76 85.30% 2,568,490 2,779,600 1.03 1.88 3 
2013/06/24 00:30:59 16.37 2.45 0.82 15.31 2.60B 12.04 16.69% 2.31B 19.95 13.76 85.40% 2,596,480 2,737,890 1.01 1.88 4 
2013/06/25 00:29:57 15.84 2.42 0.82 14.82 2.51B 11.65 16.69% 2.31B 19.95 13.86 85.40% 2,610,200 2,881,800 1.00 1.88 4 
2013/06/26 01:42:03 16.22 2.34 0.79 15.17 2.57B 12.01 16.69% 2.31B 19.95 13.97 85.40% 2,613,890 2,771,860 0.97 1.88 4 
2013/06/27 01:06:26 16.18 2.40 0.81 15.14 2.57B 11.99 16.69% 2.31B 19.95 13.97 85.40% 2,599,120 2,676,590 0.99 1.88 4 
2013/07/18 22:45:44 16.72 2.47 0.84 15.64 2.65B 12.39 16.69% 2.38B 19.95 14.33 85.40% 2,485,890 1,896,950 1.02 1.88 3 
2013/07/20 13:18:43 16.73 2.47 0.86 15.65 2.65B 12.39 16.69% 2.38B 19.95 14.33 85.40% 2,453,210 1,812,250 1.02 1.88 3 
2013/07/21 22:39:31 16.73 2.47 0.86 15.65 2.65B 12.39 16.69% 2.36B 19.95 14.33 85.40% 2,453,210 1,812,250 1.02 1.88 3 
2013/07/23 17:28:12 16.78 2.46 0.85 15.70 2.66B 12.43 16.69% 2.36B 19.95 14.33 85.40% 2,454,930 1,625,030 1.02 1.88 3 
2013/07/26 17:36:02 16.67 2.49 0.86 15.59 2.64B 12.35 16.69% 2.36B 19.95 14.92 85.40% 2,438,270 1,645,930 1.03 1.88 3 
2013/08/10 18:05:32 16.55 2.44 0.86 15.48 2.62B 12.35 16.69% 2.46B 19.95 15.50 85.40% 2,443,720 2,291,380 1.01 1.88 3 
2013/08/11 12:38:34 16.55 2.44 0.86 15.48 2.62B 12.35 16.69% 2.34B 19.95 15.50 85.40% 2,443,720 2,291,380 1.01 1.88 3 
2013/08/20 22:57:39 16.06 2.32 0.81 15.02 2.55B 11.99 16.69% 2.23B 19.95 15.68 85.40% 2,433,450 1,818,640 0.96 1.88 4 
2013/08/22 20:57:59 15.48 2.32 0.81 14.48 2.45B 11.55 16.69% 2.23B 19.95 15.44 85.40% 2,439,120 1,896,790 0.96 1.88 4 
2013/08/23 10:47:26 15.45 2.29 0.87 14.44 2.45B 11.52 16.69% 2.23B 19.95 15.44 85.40% 2,439,120 1,896,790 0.94 1.88 4 
2013/08/24 19:50:56 15.75 2.29 0.88 14.73 2.50B 11.75 16.69% 2.23B 19.95 15.37 85.40% 2,449,220 1,980,440 0.94 1.88 4 
2013/08/25 23:09:41 15.75 2.29 0.88 14.73 2.50B 11.75 16.69% 2.21B 19.95 15.37 85.40% 2,449,220 1,980,440 0.94 1.88 4 
2013/08/27 01:04:13 15.58 2.33 0.88 14.57 2.47B 11.63 16.69% 2.21B 19.95 15.37 85.40% 2,449,180 1,959,400 0.96 1.88 4 
2013/08/30 23:07:51 15.60 2.34 0.98 14.59 2.47B 12.28 16.69% 2.21B 19.95 15.27 85.40% 2,450,280 2,039,630 0.97 1.88 4 
2013/09/01 19:02:00 15.60 2.27 0.96 15.34 2.44B 12.28 15.44% 2.14B 19.95 15.27 85.40% 2,419,720 3,430,500 0.95 2.04 4 
2013/09/02 13:18:18 15.60 2.27 0.85 14.59 2.44B 11.64 16.69% 2.46B 19.95 15.27 85.40% 2,419,720 3,430,500 0.95 1.88 3 
2013/09/03 17:38:00 15.41 2.23 0.96 15.15 2.41B 12.13 15.44% 2.14B 19.95 15.27 85.40% 2,419,720 3,430,500 0.94 2.04 4 
2013/09/03 18:03:17 15.41 2.23 0.96 15.15 2.41B 12.13 15.44% 2.14B 19.95 15.27 85.40% 2,419,720 3,430,500 0.94 2.04 4 
2013/09/03 19:03:00 15.41 2.23 0.96 15.15 2.41B 12.13 15.44% 2.14B 19.95 15.27 85.40% 2,419,720 3,430,500 0.94 2.04 0.82 5.58 6.44% 10.33% 10.80% 16.33 1.20% 1.45B 383.98M 163.91M 1.02 -18.40% 1.93 0.00 N/A 286.20M 118.44M 1.30 16.23% 16.44 17.29 156.59M 143.99M 2.38% 5.94M 3.10 3.80% 4.96M 4 
2013/09/04 03:27:17 15.41 2.21 0.96 15.15 2.41B 12.13 15.44% 2.14B 19.95 15.27 85.40% 2,435,530 3,873,630 0.92 2.04 0.82 5.58 6.44% 10.33% 10.80% 16.33 1.20% 1.45B 383.98M 163.91M 1.02 -18.40% 1.93 0.00 N/A 286.20M 118.44M 1.30 16.84% 16.40 17.28 156.59M 143.99M 2.38% 5.94M 3.10 3.80% 4.96M 4 