
2013/06/11 00:24:09 69.00 2.02 0.99 15.23 19.69B 9.91 14.31% 21.51B 69.87 39.01 89.50% 1,832,700 1,509,750 0.64 0.97 3 
2013/06/12 00:39:28 69.95 2.04 0.93 15.44 19.96B 10.04 14.31% 21.51B 70.45 39.01 89.50% 1,850,850 1,715,890 0.64 0.97 3 
2013/06/13 00:28:11 69.44 2.07 0.95 15.33 19.81B 9.84 14.31% 21.51B 70.45 39.01 89.50% 1,842,960 1,668,640 0.65 0.97 3 
2013/06/14 08:13:45 69.43 2.05 0.98 15.32 19.81B 9.85 14.31% 21.79B 70.45 39.01 89.50% 1,835,850 1,679,910 0.65 0.97 3 
2013/06/17 00:12:18 68.16 2.05 0.96 15.04 19.45B 9.67 14.31% 21.42B 70.45 39.01 89.50% 1,834,880 1,690,220 0.65 0.97 3 
2013/06/18 00:57:13 68.28 2.02 0.96 15.07 19.48B 9.69 14.31% 21.42B 70.45 39.01 89.50% 1,828,830 1,845,900 0.64 0.97 3 
2013/06/18 23:29:21 69.66 2.02 0.96 15.37 19.88B 9.88 14.31% 21.42B 70.45 39.01 89.50% 1,825,060 1,815,910 0.64 0.97 3 
2013/06/20 00:07:21 68.93 2.06 0.96 15.21 19.67B 9.78 14.31% 21.42B 70.45 39.01 89.50% 1,825,110 1,784,110 0.65 0.97 3 
2013/06/21 01:23:37 69.24 2.04 0.96 15.28 19.76B 9.82 14.31% 21.42B 70.45 39.01 89.50% 1,843,390 1,920,740 0.64 0.97 3 
2013/06/24 00:31:01 71.04 2.05 1.00 15.68 20.27B 10.08 14.31% 22.25B 71.40 39.01 89.80% 1,868,960 2,226,680 0.65 0.97 2 
2013/06/25 00:29:58 70.84 2.10 1.00 15.63 20.21B 10.05 14.31% 22.25B 71.90 39.01 89.80% 1,911,060 2,714,930 0.66 0.97 2 
2013/06/26 01:42:04 70.67 2.10 1.00 15.60 20.16B 10.02 14.31% 22.25B 71.90 39.01 89.80% 1,920,570 2,673,660 0.66 0.97 2 
2013/06/27 01:06:28 71.37 2.09 1.00 15.75 20.36B 10.12 14.31% 22.25B 71.90 39.01 89.80% 1,919,170 2,568,150 0.66 0.97 2 
2013/07/18 22:45:46 77.55 2.23 1.06 17.12 22.13B 10.95 14.31% 23.67B 78.68 39.01 89.80% 1,782,190 1,549,360 0.71 0.97 2 
2013/07/20 13:19:03 77.84 2.29 1.10 17.18 22.21B 10.98 14.31% 23.67B 78.68 39.01 89.80% 1,772,040 1,444,200 0.72 0.97 2 
2013/07/21 22:39:34 77.84 2.29 1.10 17.18 22.21B 10.98 14.31% 24.19B 78.68 39.01 89.80% 1,772,040 1,444,200 0.72 0.97 2 
2013/07/23 17:28:14 78.16 2.32 1.11 17.25 22.30B 11.02 14.31% 24.19B 78.87 39.01 89.80% 1,769,670 1,284,820 0.73 0.97 2 
2013/07/26 17:36:03 77.57 2.31 1.10 17.12 22.13B 10.94 14.31% 24.19B 79.25 39.01 89.80% 1,760,750 1,288,730 0.73 0.97 2 
2013/08/10 18:05:33 78.44 2.27 1.08 15.78 22.13B 10.85 15.22% 23.49B 79.25 43.36 89.80% 1,711,360 1,624,820 0.71 1.00 2 
2013/08/11 12:38:35 78.44 2.27 1.08 15.78 22.13B 10.85 15.22% 23.86B 79.25 43.36 89.80% 1,711,360 1,624,820 0.71 1.07 2 
2013/08/20 22:57:41 78.57 2.25 1.05 15.80 22.22B 10.82 15.22% 23.56B 79.33 43.90 89.80% 1,670,680 1,147,900 0.70 1.07 2 
2013/08/22 20:58:01 79.08 2.26 1.07 15.91 22.37B 10.89 15.22% 23.56B 79.45 43.90 89.80% 1,639,310 1,089,520 0.71 1.07 2 
2013/08/23 10:47:28 78.99 2.29 1.07 15.87 22.34B 10.87 15.22% 23.56B 79.45 43.90 89.80% 1,615,920 1,061,210 0.72 1.07 2 
2013/08/24 19:50:57 79.33 2.29 1.08 15.96 22.44B 10.93 15.22% 23.56B 79.45 44.39 89.80% 1,598,760 1,003,450 0.72 1.07 2 
2013/08/25 23:09:42 79.33 2.29 1.08 15.96 22.44B 10.93 15.22% 24.12B 79.45 44.39 89.80% 1,598,760 1,003,450 0.72 1.07 2 
2013/08/27 01:04:15 79.53 2.30 1.08 16.00 22.49B 10.95 15.22% 24.12B 79.99 44.47 89.80% 1,577,410 913,950 0.72 1.07 2 
2013/08/30 23:07:53 78.69 2.29 1.04 15.83 22.26B 10.88 15.22% 23.49B 79.99 44.77 89.80% 1,573,110 968,814 0.72 1.00 2 
2013/09/01 19:02:02 78.69 2.29 1.08 15.83 22.26B 10.84 15.22% 24.03B 79.99 45.16 89.80% 1,568,130 1,046,060 0.72 1.07 2 
2013/09/02 13:18:20 78.69 2.29 1.08 15.83 22.26B 10.84 15.22% 24.03B 79.99 45.16 89.80% 1,568,130 1,046,060 0.72 1.07 2 
2013/09/03 17:38:02 79.46 2.28 1.08 15.98 22.47B 10.94 15.22% 24.03B 79.99 45.16 89.80% 1,568,130 1,046,060 0.72 1.07 2 
2013/09/03 18:03:18 79.46 2.28 1.08 15.98 22.47B 10.94 15.22% 24.03B 79.99 45.16 89.80% 1,568,130 1,046,060 0.72 1.07 2 
2013/09/03 19:03:02 79.46 2.28 1.08 15.98 22.47B 10.94 15.22% 24.03B 79.99 45.16 89.80% 1,568,130 1,046,060 0.72 1.07 0.77 6.46 4.61% 10.74% 3.89% 109.70 7.50% 11.22B 3.72B 1.43B 4.97 32.90% 12.41 5.19B 52.52 -250.00M -374.25M 0.76 16.23% 77.84 68.93 282.84M 281.84M 2.68% 3.04M 2.20 1.10% 3.22M 2 
2013/09/04 03:27:19 79.46 2.30 1.09 15.98 22.47B 10.94 15.22% 24.03B 80.00 45.36 89.80% 1,557,050 1,184,170 0.72 1.07 0.77 6.46 4.61% 10.74% 3.89% 109.70 7.50% 11.22B 3.72B 1.43B 4.97 32.90% 12.41 5.19B 52.52 -250.00M -374.25M 0.76 16.84% 77.94 69.17 282.84M 281.84M 2.68% 3.04M 2.20 1.10% 3.22M 2 