
2013/06/11 00:24:16 58.82 31.11 2.17 24.04 54.86B 18.67 110.92% 59.57B 62.70 49.50 73.40% 3,164,790 3,217,520 3.20 1.18 2 
2013/06/12 00:39:34 58.62 30.96 2.17 23.96 54.68B 18.61 110.92% 59.57B 62.70 49.50 73.40% 3,159,760 3,092,000 3.19 1.18 2 
2013/06/13 00:28:17 58.16 30.85 2.17 23.77 54.25B 18.46 110.92% 59.57B 62.70 49.50 73.40% 3,158,120 2,998,610 3.18 1.18 2 
2013/06/14 08:13:51 58.46 30.77 2.17 23.89 54.53B 18.56 110.92% 58.70B 62.70 49.50 73.40% 3,161,360 2,800,500 3.17 1.18 2 
2013/06/17 00:12:25 58.82 30.77 2.20 24.04 54.86B 18.67 110.92% 59.31B 62.70 49.50 73.40% 3,138,140 2,804,540 3.17 1.18 2 
2013/06/18 00:57:20 59.64 30.96 2.20 24.37 55.63B 18.93 110.92% 59.31B 62.70 49.50 73.40% 3,064,720 2,788,970 3.19 1.18 2 
2013/06/18 23:29:28 59.70 31.39 2.20 24.40 55.68B 18.95 110.92% 59.31B 62.70 49.50 73.40% 3,053,150 2,841,410 3.23 1.18 2 
2013/06/20 00:07:27 58.00 31.42 2.23 23.70 54.10B 18.41 110.92% 59.31B 62.70 49.50 73.40% 3,055,470 3,018,290 3.24 1.18 2 
2013/06/21 01:23:42 55.87 30.53 2.23 22.83 52.11B 17.74 110.92% 59.31B 62.70 49.50 73.40% 3,119,520 3,622,880 3.15 1.18 3 
2013/06/24 00:31:09 56.81 29.41 2.11 23.22 52.99B 18.03 110.92% 57.44B 62.70 49.50 70.40% 3,176,890 4,082,210 3.03 1.18 3 
2013/06/25 00:30:05 56.15 29.90 2.11 22.95 52.37B 17.83 110.92% 57.44B 62.70 49.74 70.40% 3,175,610 4,852,650 3.08 1.18 3 
2013/06/26 01:42:14 56.22 29.55 2.10 22.98 52.44B 17.85 110.92% 57.44B 62.70 50.14 70.40% 3,189,010 4,752,570 3.04 1.18 3 
2013/06/27 01:06:34 57.00 29.59 2.10 23.29 53.17B 18.10 110.92% 57.44B 62.70 50.47 70.40% 3,204,750 4,674,800 3.05 1.18 2 
2013/07/18 22:46:09 58.80 30.72 2.26 24.03 54.84B 18.79 110.92% 59.61B 62.70 50.76 70.40% 3,359,550 3,097,640 3.16 1.18 2 
2013/07/20 13:20:13 58.88 30.77 2.27 24.06 54.92B 18.81 110.92% 59.61B 62.70 50.76 70.40% 3,362,470 3,125,110 3.17 1.18 2 
2013/07/21 22:39:43 58.88 30.77 2.27 24.06 54.92B 18.81 110.92% 59.37B 62.70 50.76 70.40% 3,362,470 3,125,110 3.17 1.18 2 
2013/07/23 17:28:19 58.41 30.87 2.26 23.87 54.48B 18.66 110.92% 59.37B 62.70 50.76 70.40% 3,347,180 2,987,730 3.18 1.18 2 
2013/07/26 17:36:09 60.25 31.38 2.33 24.62 56.20B 19.25 110.92% 59.37B 62.70 51.25 70.40% 3,299,870 3,218,040 3.23 1.18 2 
2013/08/10 18:05:39 60.68 36.92 2.39 25.31 56.29B 19.45 113.26% 60.91B 62.70 51.25 70.40% 3,336,470 2,708,700 3.27 1.10 2 
2013/08/11 12:38:41 60.68 36.92 2.39 25.31 56.29B 19.45 113.26% 61.05B 62.70 51.25 70.40% 3,336,470 2,708,700 3.27 1.10 2 
2013/08/20 22:57:48 59.09 35.85 2.33 24.65 54.82B 19.00 113.26% 59.93B 62.70 51.25 70.40% 3,225,090 2,475,990 3.18 1.10 2 
2013/08/22 20:58:08 58.45 35.46 2.33 24.38 54.22B 18.79 113.26% 59.93B 62.70 51.25 70.40% 3,224,340 2,600,470 3.14 1.10 2 
2013/08/23 10:47:34 58.72 35.42 2.33 24.44 54.47B 18.83 113.26% 59.93B 62.70 51.25 70.40% 3,226,910 2,640,980 3.14 1.10 2 
2013/08/24 19:51:03 59.03 35.42 2.29 24.63 54.76B 18.98 113.26% 59.93B 62.70 51.25 70.40% 3,220,180 2,678,320 3.14 1.10 2 
2013/08/25 23:09:48 59.03 35.42 2.29 24.63 54.76B 18.98 113.26% 59.52B 62.70 51.25 70.40% 3,220,180 2,678,320 3.14 1.10 2 
2013/08/27 01:04:21 58.22 35.78 2.29 24.29 54.01B 18.72 113.26% 59.52B 62.70 51.25 70.40% 3,223,370 2,509,930 3.17 1.10 2 
2013/08/30 23:07:59 57.77 34.70 2.25 24.10 53.59B 18.58 113.26% 59.52B 62.70 51.25 70.40% 3,216,190 2,545,160 3.07 1.10 2 
2013/09/01 19:02:07 57.77 34.70 2.25 24.10 53.59B 18.58 113.26% 58.35B 62.70 51.25 70.40% 3,171,160 2,753,740 3.07 1.10 2 
2013/09/02 13:18:27 57.77 34.70 2.25 24.10 53.59B 18.58 113.26% 58.35B 62.70 51.25 70.40% 3,171,160 2,753,740 3.07 1.10 2 
2013/09/03 17:38:07 57.45 35.01 2.25 23.97 53.30B 18.47 113.26% 58.35B 62.70 51.25 70.40% 3,171,160 2,753,740 3.10 1.10 2 
2013/09/03 18:03:23 57.45 35.01 2.25 23.97 53.30B 18.47 113.26% 58.35B 62.70 51.25 70.40% 3,171,160 2,753,740 3.10 1.10 2 
2013/09/03 19:03:07 57.45 35.01 2.25 23.97 53.30B 18.47 113.26% 58.35B 62.70 51.25 70.40% 3,171,160 2,753,740 3.10 1.10 3.38 12.97 13.16% 23.51% 19.06% 18.36 1.90% 9.93B 4.50B 2.27B 2.40 -10.50% 1.14 5.63B 311.97 3.33B 2.96B 0.25 16.23% 59.40 58.77 927.68M 921.06M 0.20% 9.09M 3.10 1.10% 7.84M 2 
2013/09/04 03:27:24 57.45 34.82 2.25 23.97 53.30B 18.47 113.26% 58.35B 62.70 51.25 70.40% 3,159,820 2,814,650 3.08 1.10 3.38 12.97 13.16% 23.51% 19.06% 18.36 1.90% 9.93B 4.50B 2.27B 2.40 -10.50% 1.14 5.63B 311.97 3.33B 2.96B 0.25 16.84% 59.36 58.85 927.68M 921.06M 0.20% 9.09M 3.10 1.10% 7.84M 2 