
2013/06/11 00:24:26 40.67 2.25 0.95 17.15 107.10B 14.63 14.21% 150.99B 43.74 29.79 85.00% 12,012,600 12,060,400 1.72 0.65 2 
2013/06/12 00:39:41 40.16 2.22 0.95 16.93 105.76B 14.45 14.21% 150.99B 43.74 29.79 85.00% 12,036,000 11,760,600 1.70 0.65 2 
2013/06/13 00:28:24 39.52 2.19 0.95 16.66 104.07B 14.22 14.21% 150.99B 43.74 29.79 85.00% 12,033,800 11,776,800 1.68 0.65 2 
2013/06/14 08:13:58 39.75 2.17 0.94 16.76 104.68B 14.30 14.21% 146.62B 43.74 30.17 85.00% 12,053,000 11,852,100 1.66 0.65 2 
2013/06/17 00:12:32 39.74 2.17 0.94 16.75 104.65B 14.29 14.21% 147.20B 43.74 30.17 85.00% 12,051,600 11,864,300 1.66 0.65 2 
2013/06/18 00:57:27 40.08 2.17 0.94 16.90 105.55B 14.42 14.21% 147.20B 43.74 30.17 85.00% 11,896,300 11,036,600 1.66 0.65 2 
2013/06/18 23:29:36 40.39 2.19 0.94 17.03 106.36B 14.53 14.21% 147.20B 43.74 30.17 85.00% 11,842,800 10,831,900 1.68 0.65 2 
2013/06/20 00:07:35 40.21 2.21 0.94 16.95 105.89B 14.46 14.21% 147.20B 43.74 30.17 85.00% 11,768,800 10,915,400 1.69 0.65 2 
2013/06/21 01:23:50 38.91 2.20 0.95 16.40 102.47B 14.00 14.21% 147.20B 43.74 30.17 85.00% 11,821,100 11,387,900 1.68 0.65 2 
2013/06/24 00:31:17 39.77 2.13 0.92 16.77 104.73B 14.31 14.21% 147.28B 43.74 30.17 85.20% 11,982,100 13,173,900 1.63 0.65 2 
2013/06/25 00:30:14 39.78 2.17 0.92 16.77 104.76B 14.31 14.21% 147.28B 43.74 30.17 85.20% 12,095,300 14,352,100 1.66 0.65 2 
2013/06/26 01:42:23 40.17 2.17 0.92 16.94 105.78B 14.45 14.21% 147.28B 43.74 30.56 85.20% 11,965,700 14,237,400 1.66 0.65 2 
2013/06/27 01:06:42 40.19 2.20 0.95 16.94 105.84B 14.46 14.21% 147.28B 43.74 30.56 85.20% 11,951,800 13,840,400 1.68 0.65 2 
2013/07/18 22:46:35 44.34 2.40 1.04 18.69 116.77B 15.95 14.21% 160.21B 44.70 31.05 85.20% 12,078,800 11,328,900 1.83 0.65 2 
2013/07/20 13:21:34 44.57 2.42 1.06 18.79 117.37B 16.03 14.21% 160.21B 44.70 31.05 85.20% 11,935,900 11,049,300 1.85 0.65 2 
2013/07/21 22:39:56 44.57 2.42 1.06 18.79 117.37B 16.03 14.21% 159.92B 44.70 31.05 85.20% 11,935,900 11,049,300 1.85 0.65 2 
2013/07/23 17:28:25 45.14 2.46 1.07 19.03 118.87B 16.24 14.21% 159.92B 45.45 31.05 85.20% 11,850,200 9,214,100 1.88 0.65 2 
2013/07/26 17:36:17 43.73 2.41 1.05 18.44 115.16B 15.73 14.21% 159.92B 45.63 31.74 85.20% 11,819,600 9,715,090 1.85 0.65 2 
2013/08/10 18:05:45 44.62 2.44 1.04 17.62 118.96B 15.82 14.24% 163.38B 46.33 33.42 85.20% 12,218,500 11,843,900 1.87 0.69 2 
2013/08/11 12:38:47 44.62 2.44 1.04 17.62 118.96B 15.82 14.24% 158.62B 46.33 33.42 85.20% 12,218,500 11,843,900 1.87 0.69 2 
2013/08/20 22:57:55 42.69 2.26 0.94 16.85 112.06B 15.14 14.24% 153.16B 46.33 33.42 85.20% 11,954,100 8,534,700 1.73 0.69 2 
2013/08/22 20:58:15 42.02 2.24 0.93 16.59 110.30B 14.90 14.24% 153.16B 46.33 33.42 85.20% 11,878,100 8,837,410 1.71 0.69 2 
2013/08/23 10:47:41 41.74 2.25 0.93 16.44 109.56B 14.76 14.24% 153.16B 46.33 33.42 85.20% 11,878,100 8,837,410 1.72 0.69 2 
2013/08/24 19:51:10 41.86 2.25 0.93 16.53 109.88B 14.84 14.24% 153.16B 46.33 33.42 85.20% 11,835,300 9,426,320 1.72 0.69 2 
2013/08/25 23:09:55 41.86 2.25 1.04 16.53 109.88B 14.84 14.24% 163.38B 46.33 33.42 85.20% 11,835,300 9,426,320 1.72 0.69 2 
2013/08/27 01:04:28 41.44 2.24 0.93 16.36 108.78B 14.70 14.24% 151.37B 46.33 33.42 85.20% 11,875,500 8,592,070 1.72 0.69 2 
2013/08/30 23:08:06 42.09 2.27 0.94 16.62 110.48B 14.93 14.24% 151.37B 46.33 33.42 85.20% 11,829,700 9,903,310 1.74 0.69 2 
2013/09/01 19:02:14 42.09 2.27 0.94 16.62 110.48B 14.93 14.24% 152.90B 46.33 33.42 85.20% 11,827,700 9,715,240 1.74 0.69 2 
2013/09/02 13:18:34 42.09 2.27 0.94 16.62 110.48B 14.93 14.24% 152.90B 46.33 33.42 85.20% 11,827,700 9,715,240 1.74 0.69 2 
2013/09/03 17:38:13 42.74 2.25 0.94 16.87 112.19B 15.16 14.24% 152.90B 46.33 33.42 85.20% 11,827,700 9,715,240 1.72 0.69 2 
2013/09/03 18:03:30 42.74 2.25 0.94 16.87 112.19B 15.16 14.24% 152.90B 46.33 33.42 85.20% 11,827,700 9,715,240 1.72 0.69 2 
2013/09/03 19:03:13 42.74 2.25 0.94 16.87 112.19B 15.16 14.24% 152.90B 46.33 33.42 85.20% 11,827,700 9,715,240 1.72 0.69 2.39 7.37 10.62% 20.05% 5.11% 24.21 7.00% 42.64B 20.74B 6.80B 2.53 28.60% 1.96 46.65B 92.67 14.72B 18.45B 1.19 16.23% 43.75 41.85 2.62B 2.58B 0.09% 25.29M 2.40 1.20% 23.59M 2 
2013/09/04 03:27:31 42.74 2.29 0.94 16.87 112.19B 15.16 14.24% 152.90B 46.33 33.42 85.20% 11,792,400 10,638,600 1.75 0.69 2.39 7.37 10.62% 20.05% 5.11% 24.21 7.00% 42.64B 20.74B 6.80B 2.53 28.60% 1.96 46.65B 92.67 14.72B 18.45B 1.19 16.84% 43.71 41.88 2.62B 2.58B 0.09% 25.29M 2.40 1.20% 23.59M 2 