
2013/06/11 00:24:26 73.01 1.11 1.73 27.97 24.38B 20.17 4.06% 24.99B 73.97 49.54 72.10% 1,794,600 2,791,070 8.41 1.04 -1 
2013/06/12 00:39:41 72.39 1.13 1.73 27.74 24.17B 20.00 4.06% 24.99B 73.97 49.54 72.10% 1,798,050 2,703,390 8.53 1.04 -1 
2013/06/13 00:28:24 72.28 1.12 1.73 27.69 24.13B 19.97 4.06% 24.99B 73.97 49.54 72.10% 1,793,100 2,567,610 8.46 1.04 -1 
2013/06/14 08:13:58 74.14 1.14 1.78 28.41 24.75B 20.42 4.06% 25.09B 74.31 49.54 72.10% 1,804,590 2,530,290 8.66 1.04 -1 
2013/06/17 00:12:32 74.29 1.14 1.79 28.46 24.80B 20.47 4.06% 25.76B 74.77 49.54 72.10% 1,809,280 2,393,060 8.66 1.04 -1 
2013/06/18 00:57:28 76.39 1.15 1.79 29.27 25.51B 21.04 4.06% 25.76B 76.68 49.54 72.10% 1,812,180 2,511,870 8.68 1.04 -1 
2013/06/18 23:29:36 77.28 1.18 1.79 29.61 25.80B 21.29 4.06% 25.76B 77.71 49.54 72.10% 1,833,710 2,552,800 8.92 1.04 0 
2013/06/20 00:07:35 75.96 1.19 1.83 29.10 25.36B 20.81 4.06% 25.76B 77.71 49.54 72.10% 1,846,370 2,687,000 9.03 1.04 -1 
2013/06/21 01:23:50 77.09 1.17 1.83 29.54 25.74B 21.12 4.06% 25.76B 79.45 49.54 72.10% 1,884,430 2,860,160 8.87 1.04 -1 
2013/06/24 00:31:17 76.79 1.19 1.83 29.42 25.64B 21.04 4.06% 26.59B 79.45 49.54 73.60% 1,926,630 3,166,050 9.00 1.04 -1 
2013/06/25 00:30:14 76.06 1.18 1.83 29.14 25.40B 20.84 4.06% 26.59B 79.45 49.54 73.60% 1,958,430 3,778,900 8.97 1.04 -1 
2013/06/26 01:42:23 76.38 1.17 1.80 29.26 25.50B 20.76 4.06% 26.59B 79.45 49.54 73.60% 1,977,660 3,590,630 8.88 1.04 -1 
2013/06/27 01:06:42 76.31 1.18 1.80 29.24 25.48B 20.68 4.06% 26.59B 79.45 49.54 73.60% 2,008,330 3,528,140 8.92 1.04 -1 
2013/07/18 22:46:36 76.40 1.17 1.75 29.27 25.51B 20.48 4.06% 26.78B 79.45 49.54 73.60% 2,143,600 1,997,050 8.88 1.04 -1 
2013/07/20 13:21:39 74.75 1.18 1.75 28.64 24.96B 20.04 4.06% 26.78B 79.45 49.54 73.60% 2,172,500 2,176,500 8.92 1.04 -1 
2013/07/21 22:39:57 74.75 1.18 1.75 28.64 24.96B 20.04 4.06% 25.91B 79.45 49.54 73.60% 2,172,500 2,176,500 8.92 1.04 -1 
2013/07/23 17:28:25 73.68 1.14 1.69 28.23 24.60B 19.75 4.06% 25.91B 79.45 49.54 73.60% 2,184,900 2,179,770 8.61 1.04 -1 
2013/07/26 17:36:18 73.80 1.14 1.69 28.28 24.64B 19.79 4.06% 25.91B 79.45 49.54 73.60% 2,202,050 2,007,910 8.62 1.04 -1 
2013/08/10 18:05:46 72.16 1.10 1.71 25.76 23.98B 19.66 4.30% 24.86B 79.45 49.79 73.60% 2,283,240 2,039,900 8.34 1.05 -1 
2013/08/11 12:38:48 72.16 1.10 1.71 25.76 23.98B 19.66 4.30% 24.81B 79.45 49.79 73.60% 2,283,240 2,039,900 8.34 1.05 -1 
2013/08/20 22:57:56 72.39 1.10 1.71 25.84 24.20B 19.72 4.30% 25.26B 79.45 49.79 73.60% 2,354,370 2,237,810 8.40 1.05 -1 
2013/08/22 20:58:16 72.66 1.10 1.71 25.94 24.29B 19.80 4.30% 25.26B 79.45 49.79 73.60% 2,325,880 2,133,240 8.39 1.05 -1 
2013/08/23 10:47:41 72.01 1.11 1.71 25.71 24.07B 19.62 4.30% 25.26B 79.45 49.79 73.60% 2,325,880 2,133,240 8.44 1.05 -1 
2013/08/24 19:51:10 72.58 1.11 1.72 25.91 24.26B 19.78 4.30% 25.26B 79.45 49.79 73.60% 2,301,640 1,893,480 8.44 1.05 -1 
2013/08/25 23:09:56 72.58 1.11 1.72 25.91 24.26B 19.78 4.30% 25.01B 79.45 49.79 73.60% 2,314,410 1,869,590 8.45 1.05 -1 
2013/08/27 01:04:28 71.94 1.10 1.72 25.68 24.05B 19.60 4.30% 25.01B 79.45 49.79 73.60% 2,295,690 1,522,250 8.44 1.05 -1 
2013/08/30 23:08:06 71.11 1.07 1.67 25.39 23.77B 19.38 4.30% 25.01B 79.45 49.79 73.60% 2,284,580 1,529,570 8.20 1.05 -1 
2013/09/01 19:02:14 71.11 1.07 1.68 25.39 23.77B 19.38 4.30% 24.52B 79.45 49.79 73.60% 2,185,740 1,243,390 8.20 1.05 -1 
2013/09/02 13:18:34 71.11 1.07 1.68 25.39 23.77B 19.38 4.30% 24.52B 79.45 49.79 73.60% 2,185,740 1,243,390 8.20 1.05 -1 
2013/09/03 17:38:14 72.33 1.08 1.68 25.82 24.18B 19.71 4.30% 24.52B 79.45 49.79 73.60% 2,185,740 1,243,390 8.27 1.05 -1 
2013/09/03 18:03:30 72.33 1.08 1.68 25.82 24.18B 19.71 4.30% 24.52B 79.45 49.79 73.60% 2,185,740 1,243,390 8.27 1.05 -1 
2013/09/03 19:03:14 72.33 1.08 1.68 25.82 24.18B 19.71 4.30% 24.52B 79.45 49.79 73.60% 2,185,740 1,243,390 8.27 1.05 8.53 12.78 32.42% 58.47% 2.48% 8.66 1.90% 2.78B 1.92B 931.80M 2.80 27.10% 6.32 2.86B 13.08 1.33B 1.25B 1.08 16.23% 73.20 67.12 334.30M 315.43M 5.64% 6.37M 3.20 2.30% 6.66M -1 
2013/09/04 03:27:32 72.33 1.10 1.71 25.82 24.18B 19.71 4.30% 24.52B 79.45 49.79 73.60% 2,169,280 1,324,700 8.41 1.05 8.53 12.78 32.42% 58.47% 2.48% 8.66 1.90% 2.78B 1.92B 931.80M 2.80 27.10% 6.32 2.86B 13.08 1.33B 1.25B 1.08 16.84% 73.07 67.36 334.30M 315.43M 5.64% 6.37M 3.20 2.30% 6.66M -1 