
2013/06/11 00:24:27 118.65 3.35 1.55 15.25 22.34B 12.33 23.50% 21.45B 122.54 82.20 85.70% 1,811,880 1,528,400 1.33 2.22 4 
2013/06/12 00:39:42 117.43 3.36 1.55 15.10 22.11B 12.21 23.50% 21.45B 122.54 82.20 85.70% 1,824,720 1,560,910 1.33 2.22 4 
2013/06/13 00:28:25 115.74 3.32 1.55 14.88 21.79B 12.03 23.50% 21.45B 122.54 82.20 85.70% 1,834,420 1,571,210 1.32 2.22 4 
2013/06/14 08:13:59 118.27 3.35 1.51 15.20 22.27B 12.29 23.50% 20.92B 122.54 82.20 85.70% 1,841,730 1,484,400 1.33 2.22 4 
2013/06/17 00:12:33 116.13 3.35 1.52 14.93 21.87B 12.07 23.50% 20.99B 122.54 82.20 85.70% 1,831,600 1,432,960 1.33 2.22 4 
2013/06/18 00:57:28 116.06 3.29 1.52 14.92 21.85B 12.06 23.50% 20.99B 122.54 82.20 85.70% 1,832,870 1,401,900 1.30 2.22 4 
2013/06/18 23:29:37 117.37 3.28 1.52 15.09 22.10B 12.20 23.50% 20.99B 122.54 82.20 85.70% 1,820,570 1,325,230 1.30 2.22 4 
2013/06/20 00:07:36 115.60 3.32 1.52 14.86 21.77B 12.02 23.50% 20.99B 122.54 82.20 85.70% 1,815,930 1,316,480 1.32 2.22 4 
2013/06/21 01:23:51 112.42 3.27 1.51 14.45 21.17B 11.69 23.50% 20.99B 122.54 82.20 85.70% 1,831,530 1,560,610 1.30 2.22 4 
2013/06/24 00:31:18 111.12 3.18 1.47 14.28 20.92B 11.55 23.50% 20.05B 122.54 82.20 85.40% 1,849,960 1,670,500 1.26 2.22 4 
2013/06/25 00:30:15 105.94 3.14 1.47 13.62 19.95B 11.01 23.50% 20.05B 122.54 82.20 85.40% 1,889,650 2,220,500 1.25 2.22 3 
2013/06/26 01:42:24 107.44 3.00 1.47 13.81 20.23B 11.17 23.50% 20.05B 122.54 82.20 85.40% 1,892,710 2,265,130 1.19 2.22 4 
2013/06/27 01:06:43 107.36 3.04 1.40 13.80 20.22B 11.16 23.50% 20.05B 122.54 82.20 85.40% 1,896,860 2,254,110 1.21 2.22 4 
2013/07/18 22:46:36 117.02 3.30 1.52 15.04 22.03B 12.25 23.50% 20.85B 122.54 84.35 85.40% 1,821,910 1,346,840 1.31 2.22 4 
2013/07/21 22:39:58 118.14 3.31 1.55 15.19 22.25B 12.34 23.50% 21.37B 122.54 84.35 85.40% 1,805,430 1,382,640 1.31 2.22 4 
2013/07/23 17:28:26 117.67 3.34 1.54 15.13 22.16B 12.30 23.50% 21.37B 122.54 85.88 85.40% 1,793,920 1,247,480 1.32 2.22 4 
2013/07/26 17:36:19 115.88 3.30 1.53 14.90 21.82B 12.11 23.50% 21.37B 122.54 85.88 85.40% 1,810,420 1,443,760 1.31 2.22 4 
2013/08/10 18:05:47 124.02 3.43 1.57 16.52 23.06B 12.80 22.48% 22.12B 124.50 85.88 85.40% 1,696,690 1,545,890 1.36 2.14 3 
2013/08/11 12:38:49 124.02 3.43 1.57 16.52 23.06B 12.80 22.48% 22.31B 124.50 85.88 85.40% 1,696,690 1,545,890 1.36 2.14 3 
2013/08/20 22:57:56 123.57 3.42 1.55 16.46 22.97B 12.77 22.48% 22.12B 128.30 85.88 85.40% 1,693,280 1,469,060 1.36 2.14 3 
2013/08/22 20:58:16 126.56 3.42 1.52 16.86 23.53B 13.06 22.48% 22.48B 128.30 85.88 85.40% 1,694,500 1,502,750 1.36 2.14 3 
2013/08/23 10:47:42 125.43 3.51 1.55 16.71 23.32B 12.96 22.48% 22.12B 128.30 85.88 85.40% 1,694,170 1,524,250 1.40 2.14 3 
2013/08/24 19:51:11 125.21 3.51 1.55 16.68 23.28B 12.92 22.48% 22.48B 128.30 85.88 85.40% 1,686,970 1,440,080 1.40 2.14 3 
2013/08/25 23:09:57 125.21 3.51 1.55 16.68 23.28B 12.92 22.48% 22.53B 128.30 85.88 85.40% 1,686,970 1,440,080 1.40 2.14 3 
2013/08/27 01:04:29 124.57 3.47 1.55 16.60 23.16B 12.86 22.48% 22.53B 128.30 85.88 85.40% 1,674,810 1,351,220 1.38 2.14 3 
2013/08/30 23:08:07 123.20 3.42 1.51 16.41 22.90B 12.71 22.48% 22.53B 128.30 85.88 85.40% 1,675,790 1,406,530 1.36 2.14 3 
2013/09/01 19:02:15 123.20 3.42 1.51 16.41 22.90B 12.71 22.48% 22.20B 128.30 85.88 85.40% 1,643,740 1,317,100 1.36 2.14 3 
2013/09/02 13:18:35 123.20 3.42 1.51 16.41 22.90B 12.71 22.48% 22.20B 128.30 85.88 85.40% 1,643,740 1,317,100 1.36 2.14 3 
2013/09/03 17:38:15 124.13 3.42 1.51 16.54 23.08B 12.81 22.48% 22.20B 128.30 85.88 85.40% 1,643,740 1,317,100 1.36 2.14 3 
2013/09/03 18:03:31 124.13 3.42 1.51 16.54 23.08B 12.81 22.48% 22.20B 128.30 85.88 85.40% 1,643,740 1,317,100 1.36 2.14 3 
2013/09/03 19:03:14 124.13 3.42 1.51 16.54 23.08B 12.81 22.48% 22.20B 128.30 85.88 85.40% 1,643,740 1,317,100 1.36 2.14 1.32 10.73 8.41% 9.99% 8.35% 89.53 1.60% 4.51B 2.07B 1.42B 7.51 -11.70% 8.54 837.00M 11.80 2.10B 660.75M 1.84 16.23% 121.57 115.96 185.90M 185.32M 0.20% 4.07M 2.40 2.30% 3.55M 3 
2013/09/04 03:27:33 124.13 3.44 1.52 16.54 23.08B 12.81 22.48% 22.20B 128.30 85.88 85.40% 1,623,780 1,194,850 1.37 2.14 1.32 10.73 8.41% 9.99% 8.35% 89.53 1.60% 4.51B 2.07B 1.42B 7.51 -11.70% 8.54 837.00M 11.80 2.10B 660.75M 1.84 16.84% 121.77 115.95 185.90M 185.32M 0.20% 4.07M 2.40 2.30% 3.55M 3 