
2013/06/11 00:24:30 27.15 2.17 2.78 15.97 7.21B 15.51 14.31% 14.52B 29.98 22.56 85.40% 2,265,910 2,653,970 1.11 1.54 1 
2013/06/12 00:39:44 26.96 2.18 2.78 15.86 7.16B 15.41 14.31% 14.52B 29.98 22.56 85.40% 2,261,110 2,588,360 1.11 1.54 1 
2013/06/13 00:28:27 26.52 2.17 2.78 15.60 7.05B 15.15 14.31% 14.52B 29.98 22.56 85.40% 2,253,310 2,542,320 1.10 1.54 1 
2013/06/14 08:14:01 27.20 2.19 2.72 16.00 7.23B 15.54 14.31% 14.38B 29.98 22.56 85.40% 2,275,850 2,470,550 1.11 1.54 2 
2013/06/17 00:12:36 27.40 2.19 2.82 16.12 7.28B 15.66 14.31% 14.61B 29.98 22.56 85.40% 2,277,070 2,293,900 1.11 1.54 1 
2013/06/18 00:57:30 27.40 2.20 2.82 16.12 7.28B 15.66 14.31% 14.61B 29.98 22.56 85.40% 2,221,640 2,248,570 1.12 1.54 1 
2013/06/18 23:29:40 27.57 2.20 2.82 16.22 7.33B 15.75 14.31% 14.61B 29.98 22.56 85.40% 2,211,220 2,175,170 1.12 1.54 1 
2013/06/20 00:07:38 26.85 2.22 2.83 15.79 7.13B 15.34 14.31% 14.61B 29.98 22.56 85.40% 2,195,750 2,101,360 1.13 1.54 1 
2013/06/21 01:23:53 25.95 2.16 2.83 15.26 6.90B 14.83 14.31% 14.61B 29.98 22.56 85.40% 2,205,850 2,187,700 1.10 1.54 2 
2013/06/24 00:31:21 26.40 2.09 2.67 15.53 7.02B 15.09 14.31% 14.35B 29.98 22.56 84.70% 2,219,940 2,274,360 1.06 1.54 1 
2013/06/25 00:30:18 26.60 2.12 2.67 15.65 7.07B 15.20 14.31% 14.35B 29.98 22.56 84.70% 2,243,270 2,429,030 1.08 1.54 1 
2013/06/26 01:42:27 27.00 2.14 2.67 15.88 7.17B 15.43 14.31% 14.35B 29.98 22.56 84.70% 2,237,000 2,427,090 1.09 1.54 1 
2013/06/27 01:06:46 27.43 2.17 2.77 16.14 7.29B 15.67 14.31% 14.35B 29.98 22.56 84.70% 2,232,500 2,368,980 1.11 1.54 2 
2013/07/18 22:46:39 28.46 2.26 2.90 16.74 7.56B 16.26 14.31% 14.75B 29.98 22.56 84.70% 2,578,880 3,056,920 1.15 1.54 2 
2013/07/21 22:40:02 28.48 2.29 2.94 16.75 7.57B 16.27 14.31% 14.90B 29.98 22.56 84.70% 2,592,560 3,003,890 1.17 1.54 2 
2013/07/23 17:28:28 28.39 2.28 2.93 16.70 7.54B 16.22 14.31% 14.90B 29.98 22.56 84.70% 2,607,230 2,539,550 1.16 1.54 2 
2013/07/26 17:36:21 28.20 2.27 2.91 16.59 7.49B 16.11 14.31% 14.90B 29.98 22.56 84.70% 2,657,700 3,001,500 1.16 1.54 1 
2013/08/10 18:05:49 27.96 2.26 2.91 17.16 7.43B 15.98 13.54% 14.94B 29.98 22.56 84.70% 2,661,870 1,941,920 1.14 1.38 1 
2013/08/11 12:38:51 27.96 2.26 2.91 17.16 7.43B 15.98 13.54% 14.79B 29.98 22.56 84.70% 2,661,870 1,941,920 1.14 1.38 2 
2013/08/20 22:57:59 27.00 2.14 2.77 16.57 7.18B 15.43 13.54% 14.50B 29.98 22.56 84.70% 2,722,460 2,273,060 1.08 1.38 1 
2013/08/22 20:58:19 26.75 2.13 2.75 16.42 7.11B 15.29 13.54% 14.50B 29.98 22.56 84.70% 2,713,580 2,243,340 1.08 1.38 1 
2013/08/23 10:47:45 26.90 2.14 2.75 16.46 7.15B 15.32 13.54% 14.50B 29.98 22.56 84.70% 2,722,940 2,323,300 1.08 1.38 1 
2013/08/24 19:51:13 26.94 2.14 2.76 16.54 7.16B 15.39 13.54% 14.50B 29.98 22.56 84.70% 2,701,280 2,258,640 1.08 1.38 1 
2013/08/25 23:09:59 26.94 2.14 2.76 16.54 7.16B 15.39 13.54% 14.52B 29.98 22.56 84.70% 2,701,280 2,258,640 1.08 1.38 1 
2013/08/27 01:04:31 26.67 2.16 2.76 16.37 7.09B 15.24 13.54% 14.52B 29.98 22.56 84.70% 2,687,560 2,207,780 1.09 1.38 1 
2013/08/30 23:08:10 26.53 2.12 2.74 16.29 7.05B 15.16 13.54% 14.52B 29.98 22.56 84.70% 2,641,050 1,806,780 1.08 1.38 1 
2013/09/01 19:02:18 26.53 2.12 2.74 16.29 7.05B 15.16 13.54% 14.41B 29.98 22.56 84.70% 2,647,660 1,589,110 1.08 1.38 1 
2013/09/02 13:18:38 26.53 2.12 2.74 16.29 7.05B 15.16 13.54% 14.41B 29.98 22.56 84.70% 2,647,660 1,589,110 1.08 1.38 1 
2013/09/03 17:38:17 26.16 2.12 2.74 16.06 6.96B 14.95 13.54% 14.41B 29.98 22.56 84.70% 2,647,660 1,589,110 1.07 1.38 1 
2013/09/03 18:03:34 26.16 2.12 2.74 16.06 6.96B 14.95 13.54% 14.41B 29.98 22.56 84.70% 2,647,660 1,589,110 1.07 1.38 1 
2013/09/03 19:03:17 26.16 2.12 2.74 16.06 6.96B 14.95 13.54% 14.41B 29.98 22.56 84.70% 2,647,660 1,589,110 1.07 1.38 2.20 8.49 6.69% 16.99% 4.13% 24.90 5.50% 1.83B 1.70B 439.00M 1.63 -20.00% 2.02 7.60B 226.10 1.39B -195.62M 0.21 16.23% 27.66 27.62 265.87M 261.57M 0.84% 9.93M 3.60 3.80% 9.20M 1 
2013/09/04 03:27:35 26.16 2.09 2.74 16.06 6.96B 14.95 13.54% 14.41B 29.98 22.56 84.70% 2,636,190 1,748,530 1.06 1.38 2.20 8.49 6.69% 16.99% 4.13% 24.90 5.50% 1.83B 1.70B 439.00M 1.63 -20.00% 2.02 7.60B 226.10 1.39B -195.62M 0.21 16.84% 27.60 27.65 265.87M 261.57M 0.84% 9.93M 3.60 3.80% 9.20M 1 