
2013/06/11 00:24:34 12.81 0.56 1.36 18.70 2.85B 10.76 3.58% 6.29B 12.86 6.54 94.80% 1,804,080 1,735,630 0.65 4.14 1 
2013/06/12 00:39:47 12.69 0.57 1.36 18.53 2.82B 10.66 3.58% 6.29B 12.86 6.76 94.80% 1,794,010 1,650,840 0.65 4.14 1 
2013/06/13 00:28:30 12.60 0.56 1.38 18.39 2.80B 10.59 3.58% 6.29B 12.86 6.82 94.80% 1,775,900 1,547,450 0.65 4.14 1 
2013/06/14 08:14:04 12.87 0.57 1.37 18.79 2.86B 10.82 3.58% 6.28B 12.89 7.20 94.80% 1,738,280 1,292,550 0.66 4.14 1 
2013/06/17 00:12:39 12.67 0.57 1.38 18.50 2.81B 10.65 3.58% 6.29B 12.89 7.23 94.80% 1,720,700 1,231,710 0.66 4.14 1 
2013/06/18 00:57:34 12.80 0.56 1.38 18.69 2.84B 10.76 3.58% 6.29B 12.90 7.23 94.80% 1,695,630 1,125,850 0.65 4.14 1 
2013/06/18 23:29:43 12.87 0.57 1.38 18.79 2.86B 10.82 3.58% 6.29B 12.93 7.23 94.80% 1,687,710 1,180,700 0.65 4.14 1 
2013/06/20 00:07:42 12.74 0.57 1.40 18.60 2.83B 10.71 3.58% 6.29B 12.96 7.23 94.80% 1,665,350 1,194,080 0.66 4.14 1 
2013/06/21 01:23:57 12.73 0.57 1.40 18.58 2.83B 10.70 3.58% 6.29B 12.96 7.23 94.80% 1,629,960 1,257,780 0.65 4.14 1 
2013/06/24 00:31:25 12.67 0.57 1.38 18.50 2.81B 10.65 3.58% 6.29B 12.96 7.23 103.40% 1,621,850 1,363,840 0.65 4.14 1 
2013/06/25 00:30:21 12.30 0.56 1.38 17.96 2.73B 10.34 3.58% 6.29B 12.96 7.25 103.40% 1,608,670 1,508,700 0.65 4.14 1 
2013/06/26 01:42:32 12.64 0.55 1.38 18.45 2.81B 10.62 3.58% 6.29B 12.96 7.26 103.40% 1,548,060 1,489,440 0.63 4.14 1 
2013/06/27 01:06:49 12.74 0.56 1.38 18.60 2.83B 10.71 3.58% 6.29B 12.96 7.26 103.40% 1,512,840 1,408,400 0.64 4.14 1 
2013/07/18 22:46:43 14.12 0.62 1.50 20.61 3.14B 11.77 3.58% 6.64B 14.43 7.55 103.40% 1,422,980 1,431,050 0.71 4.14 1 
2013/07/21 22:40:08 14.05 0.63 1.52 20.51 3.12B 11.71 3.58% 6.60B 14.43 7.55 103.40% 1,407,740 1,473,500 0.72 4.14 1 
2013/07/23 17:28:31 14.19 0.63 1.53 20.72 3.15B 11.82 3.58% 6.60B 14.43 7.62 103.40% 1,414,840 1,380,130 0.72 4.14 1 
2013/07/26 17:36:25 14.25 0.63 1.54 20.80 3.17B 11.88 3.58% 6.60B 14.43 7.82 103.40% 1,388,580 1,303,260 0.73 4.14 1 
2013/08/10 18:05:52 14.59 0.70 1.51 19.32 3.20B 11.86 3.91% 6.60B 14.84 8.26 103.40% 1,392,690 1,377,050 0.73 3.84 1 
2013/08/11 12:38:55 14.59 0.70 1.51 19.22 3.20B 11.86 3.91% 6.65B 14.84 8.26 103.40% 1,392,690 1,377,050 0.73 3.86 1 
2013/08/20 22:58:05 14.35 0.69 1.51 18.91 3.19B 11.76 3.91% 6.64B 14.97 8.26 103.40% 1,427,910 1,439,800 0.73 3.86 1 
2013/08/22 20:58:22 14.51 0.68 1.51 19.12 3.23B 11.89 3.91% 6.64B 14.97 8.26 103.40% 1,403,120 1,359,650 0.72 3.86 1 
2013/08/23 10:47:48 14.40 0.69 1.51 18.97 3.20B 11.80 3.91% 6.64B 14.97 8.26 103.40% 1,403,120 1,359,650 0.74 3.86 1 
2013/08/24 19:51:16 14.48 0.69 1.51 19.08 3.22B 11.87 3.91% 6.64B 14.97 8.26 103.40% 1,394,180 1,221,550 0.74 3.86 1 
2013/08/25 23:10:02 14.48 0.69 1.51 19.08 3.22B 11.87 3.91% 6.63B 14.97 8.26 103.40% 1,394,180 1,221,550 0.74 3.86 1 
2013/08/27 01:04:34 14.37 0.69 1.51 18.93 3.19B 11.78 3.91% 6.63B 14.97 8.26 103.40% 1,396,290 1,226,970 0.74 3.86 1 
2013/08/30 23:08:13 13.59 0.67 1.45 17.91 3.02B 11.14 3.91% 6.63B 14.97 8.26 103.40% 1,402,880 1,312,300 0.71 3.86 1 
2013/09/01 19:02:21 13.59 0.67 1.45 17.91 3.02B 11.14 3.91% 6.43B 14.97 8.26 103.40% 1,386,030 1,237,360 0.71 3.86 1 
2013/09/02 13:18:41 13.59 0.67 1.45 17.91 3.02B 11.14 3.91% 6.43B 14.97 8.26 103.40% 1,386,030 1,237,360 0.71 3.86 1 
2013/09/03 17:38:20 13.82 0.65 1.45 18.21 3.07B 11.33 3.91% 6.43B 14.97 8.26 103.40% 1,386,030 1,433,040 0.69 3.86 1 
2013/09/03 18:03:37 13.82 0.65 1.45 18.21 3.07B 11.33 3.91% 6.43B 14.97 8.26 103.40% 1,386,030 1,433,040 0.69 3.86 1 
2013/09/03 19:03:20 13.82 0.65 1.52 18.30 3.07B 11.24 3.91% 6.60B 14.97 8.26 103.40% 1,386,030 1,433,040 0.69 3.84 1.51 7.78 4.23% 12.01% 0.98% 19.48 1.50% 1.58B 847.40M 185.20M 0.76 17.40% 2.38 3.93B 85.73 N/A N/A 1.80 16.23% 14.31 12.46 222.30M 203.68M 0.86% 13.33M 9.80 6.10% 14.44M 1 
2013/09/04 03:27:38 13.82 0.66 1.45 18.21 3.07B 11.33 3.91% 6.43B 14.97 8.26 103.40% 1,359,930 1,412,520 0.70 3.86 1.47 7.85 4.23% 11.39% 0.93% 19.48 1.50% 1.58B 818.50M 185.20M 0.76 17.40% 2.34 3.93B 85.73 685.80M 467.16M 1.75 16.84% 14.30 12.48 222.30M 206.63M 0.86% 11.00M 7.70 5.00% 11.72M 1 