
2013/06/11 00:24:34 23.33 2.29 3.95 24.05 10.00B 17.81 9.63% 18.37B 24.73 18.79 73.30% 3,274,850 3,486,170 1.29 0.76 0 
2013/06/12 00:39:48 23.12 2.28 3.95 23.84 9.91B 17.65 9.63% 18.37B 24.73 18.79 73.30% 3,308,950 3,507,430 1.29 0.76 0 
2013/06/13 00:28:31 23.07 2.26 3.95 23.78 9.89B 17.61 9.63% 18.37B 24.73 18.79 73.30% 3,337,920 3,525,480 1.28 0.76 0 
2013/06/14 08:14:05 23.62 2.31 3.89 24.35 10.12B 18.03 9.63% 18.24B 24.73 18.79 73.30% 3,356,380 3,480,580 1.31 0.76 0 
2013/06/17 00:12:40 23.71 2.31 4.00 24.44 10.16B 18.10 9.63% 18.51B 24.73 18.79 73.30% 3,353,150 3,243,390 1.31 0.76 0 
2013/06/18 00:57:34 23.54 2.32 4.00 24.27 10.09B 17.97 9.63% 18.51B 24.73 18.79 73.30% 3,010,930 2,912,280 1.31 0.76 0 
2013/06/18 23:29:43 23.67 2.30 4.00 24.40 10.14B 18.07 9.63% 18.51B 24.73 18.79 73.30% 2,922,470 2,803,810 1.30 0.76 0 
2013/06/20 00:07:42 23.09 2.32 3.99 23.80 9.89B 17.63 9.63% 18.51B 24.73 18.79 73.30% 2,906,600 2,729,110 1.31 0.76 0 
2013/06/21 01:23:57 22.49 2.26 3.89 23.19 9.64B 17.17 9.63% 18.51B 24.73 18.79 73.30% 2,907,960 2,786,810 1.28 0.76 1 
2013/06/24 00:31:25 22.76 2.20 3.79 23.46 9.75B 17.37 9.63% 18.10B 24.73 18.79 74.20% 2,874,840 2,712,410 1.24 0.76 0 
2013/06/25 00:30:21 22.62 2.23 3.79 23.32 9.69B 17.27 9.63% 18.10B 24.73 18.79 74.20% 2,853,870 2,505,300 1.26 0.76 0 
2013/06/26 01:42:32 23.07 2.21 3.82 23.78 9.89B 17.61 9.63% 18.10B 24.73 18.79 74.20% 2,851,160 2,591,640 1.25 0.76 0 
2013/06/27 01:06:49 23.30 2.26 3.89 24.02 9.98B 17.79 9.63% 18.10B 24.73 18.79 74.20% 2,839,380 2,544,910 1.27 0.76 0 
2013/07/18 22:46:44 24.74 2.39 4.16 25.51 10.60B 18.89 9.63% 18.81B 24.73 18.79 74.20% 2,587,380 1,677,820 1.35 0.76 0 
2013/07/21 22:40:09 24.64 2.42 4.19 25.40 10.56B 18.81 9.63% 18.91B 24.83 18.79 74.20% 2,575,760 1,575,830 1.37 0.76 0 
2013/07/23 17:28:31 24.78 2.40 4.18 25.55 10.62B 18.92 9.63% 18.91B 24.83 18.79 74.20% 2,565,110 1,781,400 1.36 0.76 0 
2013/07/26 17:36:26 24.82 2.42 4.20 25.59 10.64B 18.95 9.63% 18.91B 24.89 18.79 74.20% 2,567,080 1,705,460 1.37 0.76 0 
2013/08/10 18:05:52 24.25 2.50 4.42 54.99 10.39B 18.65 4.48% 18.57B 25.65 18.79 74.20% 2,723,940 4,767,540 1.29 0.93 0 
2013/08/11 12:38:55 24.25 2.50 4.42 55.11 10.39B 18.65 4.48% 17.87B 25.65 18.79 74.20% 2,723,940 4,767,540 1.29 0.93 0 
2013/08/20 22:58:05 23.31 2.35 4.22 52.98 9.99B 17.93 4.48% 17.41B 25.65 18.79 74.20% 2,859,450 3,941,340 1.21 0.93 0 
2013/08/22 20:58:22 23.01 2.35 4.19 52.30 9.86B 17.70 4.48% 17.41B 25.65 18.79 74.20% 2,871,020 3,754,150 1.21 0.93 0 
2013/08/23 10:47:48 23.18 2.35 4.47 52.47 9.94B 17.80 4.48% 18.57B 25.65 18.79 74.20% 2,855,170 2,893,710 1.21 0.93 0 
2013/08/24 19:51:16 23.17 2.35 4.19 52.66 9.93B 17.82 4.48% 17.41B 25.65 18.79 74.20% 2,829,890 2,624,400 1.21 0.93 0 
2013/08/25 23:10:03 23.17 2.35 4.19 52.66 9.93B 17.82 4.48% 17.40B 25.65 18.79 74.20% 2,829,890 2,624,400 1.21 0.93 0 
2013/08/27 01:04:34 22.99 2.37 4.19 52.25 9.85B 17.68 4.48% 17.40B 25.65 18.79 74.20% 2,833,300 2,420,130 1.22 0.93 0 
2013/08/30 23:08:13 22.93 2.36 4.20 52.11 9.83B 17.64 4.48% 17.40B 25.65 18.79 74.20% 2,838,260 2,525,190 1.22 0.93 0 
2013/09/01 19:02:21 22.93 2.36 4.20 52.11 9.83B 17.64 4.48% 17.35B 25.65 18.79 74.20% 2,824,270 2,284,810 1.22 0.93 0 
2013/09/02 13:18:42 22.93 2.36 4.20 52.11 9.83B 17.64 4.48% 17.35B 25.65 18.79 74.20% 2,824,270 2,284,810 1.22 0.93 0 
2013/09/03 17:38:21 22.76 2.35 4.18 51.73 9.76B 17.51 4.48% 17.35B 25.65 18.79 74.20% 2,824,270 2,284,810 1.21 0.93 0 
2013/09/03 18:03:37 22.76 2.35 4.18 51.73 9.76B 17.51 4.48% 17.35B 25.65 18.79 74.20% 2,824,270 2,284,810 1.21 0.93 0 
2013/09/03 19:03:20 22.76 2.35 4.18 51.73 9.76B 17.51 4.48% 17.35B 25.65 18.79 74.20% 2,824,270 2,284,810 1.21 0.93 2.14 7.72 2.35% 14.83% 3.41% 18.99 24.20% 2.70B 2.25B 191.00M 0.44 N/A 2.64 8.60B 205.30 1.72B 482.62M 0.42 16.23% 24.06 23.43 428.62M 425.97M 0.57% 12.42M 3.80 3.10% 12.78M 0 
2013/09/04 03:27:38 22.76 2.33 4.18 51.73 9.76B 17.51 4.48% 17.35B 25.65 18.79 74.20% 2,818,250 2,610,950 1.20 0.93 2.14 7.72 2.35% 14.83% 3.41% 18.99 24.20% 2.70B 2.25B 191.00M 0.44 N/A 2.64 8.60B 205.30 1.72B 482.62M 0.42 16.84% 24.01 23.48 428.62M 425.97M 0.57% 12.42M 3.80 3.10% 12.78M 0 