
2013/06/11 00:24:35 29.28 1.28 1.83 18.89 31.93B 11.09 7.03% 41.28B 35.12 25.01 N/A 2,827,410 2,738,750 2.11 0.61 1 
2013/06/12 00:39:48 29.01 1.29 1.82 18.72 31.63B 10.99 7.03% 41.28B 35.12 25.01 N/A 2,838,030 2,697,770 2.11 0.61 1 
2013/06/13 00:28:32 28.38 1.27 1.80 18.31 30.94B 10.75 7.03% 41.28B 35.12 25.01 N/A 2,848,090 2,691,050 2.09 0.61 1 
2013/06/14 08:14:05 28.97 1.27 1.80 18.69 31.59B 10.97 7.03% 40.43B 35.12 25.01 N/A 2,851,830 2,462,760 2.09 0.61 1 
2013/06/17 00:12:41 28.71 1.27 1.79 18.52 31.30B 10.87 7.03% 40.79B 35.12 25.01 N/A 2,791,800 2,306,190 2.09 0.61 1 
2013/06/18 00:57:34 29.47 1.26 1.79 19.01 32.13B 11.16 7.03% 40.79B 35.12 25.01 N/A 2,762,390 2,066,200 2.07 0.61 1 
2013/06/18 23:29:43 29.65 1.30 1.79 19.13 32.33B 11.23 7.03% 40.79B 35.12 25.01 N/A 2,756,840 2,039,160 2.13 0.61 1 
2013/06/20 00:07:43 29.36 1.30 1.79 18.94 32.01B 11.12 7.03% 40.79B 35.12 25.01 N/A 2,724,840 2,028,540 2.14 0.61 1 
2013/06/21 01:23:58 28.55 1.29 1.79 18.42 31.13B 10.81 7.03% 40.79B 35.12 25.01 N/A 2,727,570 2,151,980 2.12 0.61 1 
2013/06/24 00:31:26 28.12 1.26 1.78 18.14 30.66B 10.53 7.03% 40.14B 35.12 25.01 N/A 2,724,150 2,176,320 2.06 0.61 1 
2013/06/25 00:30:22 28.00 1.24 1.78 18.06 30.53B 10.49 7.03% 40.14B 35.12 25.01 N/A 2,765,110 2,651,150 2.03 0.61 1 
2013/06/26 01:42:33 28.30 1.23 1.78 18.26 30.86B 10.64 7.03% 40.14B 35.12 25.01 N/A 2,768,340 2,644,030 2.02 0.61 1 
2013/06/27 01:06:50 28.38 1.24 1.81 18.31 30.94B 10.67 7.03% 40.14B 35.12 25.01 N/A 2,749,340 2,489,910 2.04 0.61 1 
2013/07/18 22:46:44 32.73 1.41 1.97 21.12 35.69B 12.21 7.03% 44.20B 35.12 26.53 N/A 2,593,380 2,536,190 2.32 0.61 1 
2013/07/21 22:40:09 33.11 1.44 0.76 21.36 36.10B 12.49 7.03% 45.58B 35.12 26.53 N/A 2,583,650 2,672,810 2.36 0.61 1 
2013/07/23 17:28:32 33.23 1.46 0.77 21.44 36.23B 12.40 7.03% 45.58B 35.12 26.53 N/A 2,570,410 1,945,920 2.39 0.61 1 
2013/07/26 17:36:26 31.35 1.44 0.73 20.23 34.18B 11.48 7.03% 45.58B 35.12 26.53 N/A 2,564,850 2,303,290 2.37 0.61 1 
2013/08/10 18:05:52 30.48 1.35 0.68 19.66 33.23B 11.08 7.03% 43.80B 35.12 26.83 N/A 2,466,100 2,000,390 2.22 0.61 1 
2013/08/11 12:38:56 30.48 1.35 0.68 19.66 33.23B 11.08 7.03% 42.72B 35.12 26.83 N/A 2,466,100 2,000,390 2.22 0.61 1 
2013/08/20 22:58:07 29.82 1.28 0.67 22.89 32.26B 10.96 5.78% 43.24B 35.12 26.83 N/A 2,374,630 1,829,870 2.13 0.68 2 
2013/08/22 20:58:23 29.70 1.27 0.66 22.79 32.13B 10.92 5.78% 43.24B 35.12 26.83 N/A 2,303,290 1,567,740 2.10 0.68 2 
2013/08/23 10:47:49 29.69 1.28 0.67 22.70 32.12B 10.84 5.78% 43.24B 35.12 26.83 N/A 2,303,290 1,567,740 2.13 0.68 2 
2013/08/24 19:51:17 29.64 1.28 0.67 22.75 32.07B 10.86 5.78% 43.24B 35.12 26.83 N/A 2,283,970 1,587,550 2.13 0.68 2 
2013/08/25 23:10:03 29.64 1.29 0.67 22.75 32.23B 10.86 5.78% 42.44B 35.12 26.83 N/A 2,283,970 1,587,550 2.14 0.68 2 
2013/08/27 01:04:35 29.92 1.29 0.67 22.96 32.54B 10.96 5.78% 42.44B 35.12 26.83 N/A 2,276,810 1,431,850 2.14 0.68 2 
2013/08/30 23:08:13 30.62 1.35 0.70 23.50 33.30B 11.09 5.78% 42.44B 35.12 26.83 N/A 2,290,280 1,677,610 2.25 0.68 1 
2013/09/01 19:02:22 30.62 1.35 0.70 23.50 33.30B 11.09 5.78% 44.04B 35.12 26.83 N/A 2,322,620 2,228,590 2.25 0.68 1 
2013/09/02 13:18:42 30.62 1.35 0.70 23.50 33.30B 11.09 5.78% 44.04B 35.12 26.83 N/A 2,322,620 2,228,590 2.25 0.68 1 
2013/09/03 17:38:21 31.18 1.33 0.70 23.93 33.91B 11.30 5.78% 44.04B 35.12 26.83 N/A 2,322,620 2,228,590 2.21 0.68 1 
2013/09/03 18:03:38 31.18 1.33 0.70 23.93 33.91B 11.30 5.78% 44.04B 35.12 26.83 N/A 2,322,620 2,228,590 2.21 0.68 1 
2013/09/03 19:03:20 31.18 1.33 0.68 20.12 33.91B 11.26 7.03% 43.80B 35.12 26.83 N/A 2,322,620 2,228,590 2.21 0.61 2.90 5.85 11.33% 18.19% 3.47% 13.79 6.50% 7.62B 7.49B 1.71B 1.55 -50.10% 0.02 9.50B 38.25 6.03B -318.48M 1.64 16.23% 31.07 30.38 1.09B 1.05B N/A 7.38M 3.00 N/A 6.94M 1 
2013/09/04 03:27:39 31.18 1.35 0.70 23.93 33.91B 11.30 5.78% 44.04B 35.12 26.83 N/A 2,299,950 2,533,630 2.25 0.68 2.93 6.13 9.48% 15.63% 2.93% 13.78 -1.10% 7.62B 7.19B 1.43B 1.30 -36.80% 0.02 10.23B 40.87 6.16B -518.36M 1.62 16.84% 31.06 30.37 1.09B 1.05B N/A 8.61M 3.80 N/A 8.87M 1 