
2013/06/11 00:24:36 33.49 1.93 3.15 26.35 7.66B 16.66 7.46% 10.88B 37.39 26.41 99.60% 2,249,820 1,483,850 1.56 1.07 0 
2013/06/12 00:39:49 32.35 1.93 3.14 25.45 7.40B 16.26 7.46% 10.88B 37.39 26.41 99.60% 2,235,130 1,589,640 1.55 1.07 0 
2013/06/13 00:28:33 31.81 1.86 3.14 25.03 7.27B 15.98 7.46% 10.88B 37.39 26.41 99.60% 2,251,890 1,744,680 1.50 1.07 0 
2013/06/14 08:14:06 32.44 1.87 3.04 25.52 7.42B 16.30 7.46% 10.46B 37.39 26.41 99.60% 2,248,310 1,689,710 1.50 1.07 0 
2013/06/17 00:12:42 31.95 1.87 2.99 25.14 7.30B 16.06 7.46% 10.50B 37.39 26.41 99.60% 2,227,950 1,723,180 1.50 1.07 0 
2013/06/18 00:57:36 31.96 1.84 2.99 25.15 7.31B 16.06 7.46% 10.50B 37.39 26.41 99.60% 2,209,750 1,844,480 1.48 1.07 0 
2013/06/18 23:29:44 31.94 1.84 2.99 25.13 7.30B 16.05 7.46% 10.50B 37.39 26.41 99.60% 2,180,090 1,928,410 1.48 1.07 0 
2013/06/20 00:07:44 31.14 1.84 3.03 24.50 7.12B 15.65 7.46% 10.50B 37.39 26.41 99.60% 2,149,350 1,909,020 1.48 1.07 0 
2013/06/21 01:23:59 30.14 1.79 2.95 23.71 6.89B 15.46 7.46% 10.50B 37.39 26.41 99.60% 2,170,990 2,139,260 1.44 1.07 0 
2013/06/24 00:31:27 29.79 1.73 2.85 23.44 6.81B 15.28 7.46% 10.00B 37.39 26.41 97.30% 2,197,830 2,284,580 1.40 1.07 0 
2013/06/25 00:30:23 28.05 1.71 2.85 22.07 6.41B 14.38 7.46% 10.00B 37.39 26.41 97.30% 2,260,750 3,022,220 1.38 1.07 1 
2013/06/26 01:42:34 27.93 1.61 2.69 21.97 6.39B 14.55 7.46% 10.00B 37.39 26.96 97.30% 2,324,860 3,360,140 1.30 1.07 1 
2013/06/27 01:06:51 27.10 1.61 2.68 21.32 6.20B 14.11 7.46% 10.00B 37.39 26.96 97.30% 2,356,900 3,440,310 1.30 1.07 1 
2013/07/18 22:46:46 29.53 1.65 1.50 23.23 6.75B 16.41 7.46% 9.52B 37.39 26.25 97.30% 2,382,490 2,217,350 1.33 1.07 0 
2013/07/21 22:40:11 29.01 1.70 1.53 22.82 6.63B 16.21 7.46% 9.82B 37.39 26.25 97.30% 2,375,370 2,347,550 1.37 1.07 1 
2013/07/23 17:28:33 29.25 1.66 1.54 23.01 6.69B 16.53 7.46% 9.82B 37.39 26.25 97.30% 2,378,090 2,445,850 1.34 1.07 1 
2013/07/26 17:36:27 31.35 1.75 1.72 24.67 7.17B 18.33 7.46% 9.82B 37.39 26.25 97.30% 2,348,060 2,421,260 1.41 1.07 0 
2013/08/10 18:05:54 32.06 1.75 2.96 58.83 7.34B 21.37 3.13% 10.42B 37.39 26.25 97.30% 2,389,160 2,015,190 1.46 0.99 0 
2013/08/11 12:38:57 32.06 1.75 2.96 58.83 7.34B 21.37 3.13% 10.66B 37.39 26.25 97.30% 2,389,160 2,015,190 1.46 0.99 0 
2013/08/20 22:58:08 31.73 1.72 2.80 58.22 7.26B 21.30 3.13% 10.36B 37.39 26.25 97.30% 2,338,150 1,495,000 1.43 0.99 0 
2013/08/22 20:58:24 32.78 1.79 2.80 60.15 7.50B 22.00 3.13% 10.36B 37.39 26.25 97.30% 2,326,900 1,505,460 1.49 0.99 0 
2013/08/23 10:47:50 33.17 1.86 2.80 61.06 7.59B 22.34 3.13% 10.36B 37.39 26.25 97.30% 2,320,580 1,511,910 1.55 0.99 0 
2013/08/24 19:51:18 33.23 1.86 3.07 60.97 7.60B 22.30 3.13% 10.36B 37.39 26.25 97.30% 2,303,150 1,549,550 1.55 0.99 0 
2013/08/25 23:10:04 33.23 1.86 3.07 60.97 7.60B 22.30 3.13% 10.93B 37.39 26.25 97.30% 2,303,150 1,549,550 1.55 0.99 0 
2013/08/27 01:04:36 33.08 1.89 3.07 60.70 7.57B 22.20 3.13% 10.93B 37.39 26.25 97.30% 2,301,670 1,552,570 1.57 0.99 0 
2013/08/30 23:08:14 31.23 1.77 2.89 57.30 7.15B 20.96 3.13% 10.93B 37.39 26.25 97.30% 2,299,130 1,636,030 1.48 0.99 0 
2013/09/01 19:02:23 31.23 1.77 2.89 57.30 7.15B 20.96 3.13% 10.47B 37.39 26.25 97.30% 2,271,900 1,626,910 1.48 0.99 0 
2013/09/02 13:18:43 31.23 1.77 2.89 57.30 7.15B 20.96 3.13% 10.47B 37.39 26.25 97.30% 2,271,900 1,626,910 1.48 0.99 0 
2013/09/03 17:38:22 32.05 1.77 2.89 58.81 7.33B 21.51 3.13% 10.47B 37.39 26.25 97.30% 2,271,900 1,626,910 1.48 0.99 0 
2013/09/03 18:03:39 32.05 1.77 2.89 58.81 7.33B 21.51 3.13% 10.47B 37.39 26.25 97.30% 2,271,900 1,626,910 1.48 0.99 0 
2013/09/03 19:03:21 32.05 1.77 2.89 58.81 7.33B 21.51 3.13% 10.47B 37.39 26.25 97.30% 2,271,900 1,626,910 1.48 0.99 2.17 12.57 2.57% 4.08% 0.97% 21.19 -7.60% 1.82B 833.31M 124.44M 0.55 N/A 0.31 3.40B 84.44 753.57M -845.12M 1.86 16.23% 30.82 32.06 228.85M 225.82M 0.69% 12.09M 5.10 9.60% 12.41M 0 
2013/09/04 03:27:40 32.05 1.82 2.96 58.81 7.33B 21.51 3.13% 10.47B 37.39 26.25 97.30% 2,270,660 1,657,870 1.52 0.99 2.17 12.57 2.57% 4.08% 0.97% 21.19 -7.60% 1.82B 833.31M 124.44M 0.55 N/A 0.31 3.40B 84.44 753.57M -845.12M 1.86 16.84% 30.94 32.02 228.85M 225.82M 0.69% 12.09M 5.10 9.60% 12.41M 0 