
2013/06/11 00:24:38 71.64 7.16 1.38 98.14 15.07B 27.88 7.36% 16.32B 74.23 31.95 94.20% 2,076,760 1,578,830 11.65 0.53 0 
2013/06/12 00:39:51 70.52 7.10 1.38 96.60 14.83B 27.44 7.36% 16.32B 74.23 32.03 94.20% 2,071,230 1,580,110 11.54 0.53 0 
2013/06/13 00:28:34 69.45 6.99 1.34 95.14 14.61B 27.02 7.36% 16.32B 74.23 32.03 94.20% 2,055,500 1,579,940 11.36 0.53 0 
2013/06/14 08:14:08 70.57 6.99 1.34 96.67 14.84B 27.46 7.36% 15.72B 74.23 34.75 94.20% 2,062,330 1,616,460 11.37 0.53 0 
2013/06/17 00:12:44 69.54 6.99 1.32 95.26 14.63B 26.95 7.36% 15.73B 74.23 34.75 94.20% 2,045,070 1,602,810 11.37 0.53 0 
2013/06/18 00:57:37 71.31 6.89 1.32 97.68 15.00B 27.64 7.36% 15.73B 74.23 34.75 94.20% 2,013,640 1,646,870 11.20 0.53 0 
2013/06/18 23:29:46 72.17 7.06 1.32 98.86 15.18B 27.97 7.36% 15.73B 74.23 34.75 94.20% 2,007,520 1,601,100 11.49 0.53 0 
2013/06/20 00:07:45 71.47 7.15 1.37 97.90 15.03B 27.70 7.36% 15.73B 74.23 34.75 94.20% 1,986,690 1,541,090 11.63 0.53 0 
2013/06/21 01:24:01 68.94 7.08 1.37 94.44 14.50B 26.72 7.36% 15.73B 74.23 34.87 94.20% 1,984,430 1,555,550 11.51 0.53 0 
2013/06/24 00:31:29 68.00 6.83 1.29 93.15 14.30B 26.25 7.36% 15.41B 74.23 35.35 95.00% 1,999,290 1,717,890 11.11 0.53 0 
2013/06/25 00:30:25 69.07 6.74 1.29 94.62 14.53B 26.67 7.36% 15.41B 74.23 36.59 95.00% 2,006,880 1,787,280 10.95 0.53 0 
2013/06/26 01:42:37 70.35 6.84 1.31 96.37 14.80B 27.16 7.36% 15.41B 74.23 37.60 95.00% 2,006,910 1,751,600 11.13 0.53 0 
2013/06/27 01:06:53 71.77 6.97 1.33 98.32 15.10B 27.71 7.36% 15.41B 74.23 37.60 95.00% 2,005,440 1,739,460 11.33 0.53 0 
2013/07/18 22:47:25 72.64 6.90 1.34 99.51 15.28B 28.49 7.36% 16.01B 74.23 37.60 95.00% 1,897,660 1,825,980 11.23 0.53 0 
2013/07/21 22:40:15 73.67 7.20 1.40 100.92 15.50B 28.78 7.36% 16.60B 74.23 37.60 95.00% 1,858,990 2,043,160 11.70 0.53 0 
2013/07/23 17:28:35 72.27 7.21 1.39 99.00 15.20B 28.23 7.36% 16.60B 74.23 37.60 95.00% 1,849,590 1,909,850 11.72 0.53 0 
2013/07/26 17:36:29 77.16 7.58 1.43 105.70 16.23B 29.91 7.36% 16.60B 78.07 39.56 95.00% 1,873,750 2,228,190 12.33 0.53 0 
2013/08/10 18:05:55 76.00 6.96 1.37 77.55 15.99B 28.04 9.48% 17.33B 78.07 40.30 95.00% 1,860,630 1,731,910 10.69 0.82 0 
2013/08/11 12:38:58 76.00 6.96 1.35 77.55 15.99B 28.04 9.48% 17.33B 78.07 40.30 95.00% 1,860,630 1,731,910 10.69 0.82 0 
2013/08/20 22:58:10 37.56 6.76 1.35 38.33 15.80B 13.86 9.48% 17.33B 39.03 20.15 95.00% 3,612,280 2,894,340 10.37 0.82 0 
2013/08/22 20:58:26 38.88 6.89 1.34 79.35 16.36B 29.01 9.48% 16.72B 39.03 20.15 95.00% 3,580,160 2,833,750 10.57 0.82 0 
2013/08/23 10:47:52 38.85 7.15 1.39 78.80 16.34B 28.81 9.48% 16.72B 39.03 20.15 95.00% 3,553,640 2,906,650 10.98 0.82 0 
2013/08/24 19:51:20 38.85 7.15 1.41 79.29 16.34B 28.57 9.48% 16.72B 39.03 20.15 95.00% 3,527,500 2,914,900 10.98 0.82 0 
2013/08/25 23:10:06 38.85 7.15 1.41 79.29 16.34B 28.57 9.48% 17.44B 39.03 20.15 95.00% 3,527,500 2,914,900 10.98 0.82 0 
2013/08/27 01:04:38 38.84 7.15 1.41 79.27 16.34B 28.56 9.48% 17.44B 39.45 20.15 95.00% 3,504,000 2,534,970 10.97 0.82 0 
2013/08/30 23:08:16 39.13 7.25 1.45 79.86 16.46B 28.77 9.48% 17.44B 39.45 20.23 95.00% 3,492,260 2,756,890 11.13 0.82 0 
2013/09/01 19:02:25 39.13 7.25 1.44 79.86 16.46B 28.77 9.48% 17.67B 39.97 20.23 95.00% 3,481,340 2,802,800 11.13 0.82 0 
2013/09/02 13:18:45 39.13 7.25 1.44 79.86 16.46B 28.77 9.48% 17.67B 39.97 20.23 95.00% 3,481,340 2,802,800 11.13 0.82 0 
2013/09/03 17:38:24 39.93 7.20 1.44 81.49 16.80B 29.36 9.48% 17.67B 39.97 20.23 95.00% 3,481,340 2,802,800 11.05 0.82 0 
2013/09/03 18:03:41 39.93 7.20 1.35 40.74 16.80B 14.73 9.48% 17.33B 39.97 20.23 95.00% 3,481,340 2,802,800 11.05 0.82 0 
2013/09/03 19:03:23 39.93 7.20 1.44 81.49 16.80B 29.36 9.48% 17.67B 39.97 20.23 95.00% 3,481,340 2,802,800 11.05 0.82 11.86 18.11 14.06% 30.17% 5.96% 3.55 69.30% 914.49M 975.97M 209.41M 0.49 148.00% 0.11 1.14B 49.95 850.92M -245.82M 0.85 16.23% 37.68 34.67 420.71M 414.41M 1.54% 9.51M 2.60 2.30% 5.27M 0 
2013/09/04 03:27:42 39.93 7.35 1.46 81.49 16.80B 29.36 9.48% 17.67B 40.34 20.26 95.00% 3,481,530 2,915,320 11.28 0.82 11.86 18.11 14.06% 30.17% 5.96% 3.55 69.30% 914.49M 975.97M 209.41M 0.49 148.00% 0.11 1.14B 49.95 850.92M -245.82M 0.85 16.84% 37.82 34.87 420.71M 414.41M 1.54% 9.51M 2.60 2.30% 5.27M 0 