
2013/06/11 00:24:39 58.69 7.36 1.33 15.87 16.49B 14.21 50.90% 15.60B 63.31 45.87 91.90% 4,869,660 3,402,450 3.30 3.08 4 
2013/06/12 00:39:51 58.45 7.35 1.33 15.80 16.42B 14.15 50.90% 15.60B 63.24 45.87 91.90% 4,800,180 3,346,600 3.29 3.08 4 
2013/06/13 00:28:34 57.72 7.32 1.33 15.60 16.22B 14.01 50.90% 15.60B 63.24 45.87 91.90% 4,788,740 3,558,960 3.28 3.08 4 
2013/06/14 08:14:08 58.70 7.35 1.33 15.87 16.49B 14.25 50.90% 15.31B 63.24 45.87 91.90% 4,727,560 3,567,960 3.29 3.08 4 
2013/06/17 00:12:44 58.52 7.35 1.33 15.82 16.44B 14.20 50.90% 15.54B 63.24 45.87 91.90% 4,699,100 3,568,980 3.29 3.08 4 
2013/06/18 00:57:38 58.13 7.33 1.33 15.72 16.33B 14.11 50.90% 15.54B 63.24 45.87 91.90% 4,651,930 3,559,020 3.28 3.08 4 
2013/06/18 23:29:47 58.48 7.28 1.33 15.81 16.43B 14.19 50.90% 15.54B 63.24 45.87 91.90% 4,575,900 3,351,370 3.26 3.08 4 
2013/06/20 00:07:46 58.19 7.32 1.33 15.73 16.35B 14.12 50.90% 15.54B 63.24 45.87 91.90% 4,490,920 3,215,440 3.28 3.08 4 
2013/06/21 01:24:02 57.29 7.29 1.32 15.49 16.10B 13.91 50.90% 15.54B 63.24 45.87 91.90% 4,478,070 3,378,620 3.27 3.08 4 
2013/06/24 00:31:29 56.54 7.17 1.28 15.29 15.89B 13.72 50.90% 14.98B 63.24 45.87 85.00% 4,425,180 3,499,710 3.21 3.08 5 
2013/06/25 00:30:26 55.27 7.08 1.28 14.94 15.53B 13.42 50.90% 14.98B 63.24 45.87 85.00% 4,432,490 3,488,830 3.17 3.08 5 
2013/06/26 01:42:37 55.14 6.92 1.26 14.91 15.49B 13.38 50.90% 14.98B 63.24 45.87 85.00% 4,411,850 3,426,410 3.10 3.08 5 
2013/06/27 01:06:54 55.99 6.90 1.25 15.14 15.73B 13.59 50.90% 14.98B 63.24 45.87 85.00% 4,393,280 3,327,680 3.09 3.08 5 
2013/07/18 22:47:25 58.80 7.27 1.32 15.90 16.52B 14.27 50.90% 15.67B 63.24 45.87 85.00% 3,791,150 2,060,620 3.26 3.08 4 
2013/07/21 22:40:15 59.31 7.36 1.35 16.03 16.67B 14.40 50.90% 15.76B 63.24 45.87 85.00% 3,647,540 2,157,290 3.30 3.08 4 
2013/07/23 17:28:35 59.45 7.40 1.34 16.07 16.70B 14.43 50.90% 15.76B 63.24 45.87 85.00% 3,550,930 2,264,550 3.32 3.08 4 
2013/07/26 17:36:29 59.18 7.46 1.37 16.00 16.63B 14.36 50.90% 15.76B 63.24 45.87 85.00% 3,120,400 2,317,610 3.34 3.08 4 
2013/08/10 18:05:56 53.37 6.29 1.24 14.78 15.01B 12.47 47.00% 13.87B 63.24 45.87 85.00% 3,381,470 4,368,760 2.99 2.87 5 
2013/08/11 12:38:59 53.37 6.29 1.24 14.78 15.01B 12.47 47.00% 13.88B 63.24 45.87 85.00% 3,381,470 4,368,760 2.99 2.87 5 
2013/08/20 22:58:11 52.06 6.05 1.36 14.42 14.65B 12.16 47.00% 13.47B 63.24 45.87 85.00% 3,300,410 2,819,340 2.87 2.87 5 
2013/08/22 20:58:27 52.70 6.11 1.41 14.60 14.83B 12.34 47.00% 13.47B 63.24 45.87 85.00% 3,256,540 2,733,320 2.90 2.87 5 
2013/08/23 10:47:52 52.56 6.15 1.42 14.54 14.79B 12.29 47.00% 13.47B 63.24 45.87 85.00% 3,256,540 2,733,320 2.92 2.87 5 
2013/08/24 19:51:20 52.72 6.15 1.42 14.60 14.83B 12.35 47.00% 13.47B 63.24 45.87 85.00% 3,244,500 2,725,000 2.92 2.87 5 
2013/08/25 23:10:07 52.72 6.15 1.42 14.60 14.83B 12.35 47.00% 13.70B 63.24 45.87 85.00% 3,244,500 2,725,000 2.92 2.87 5 
2013/08/27 01:04:38 52.54 6.16 1.42 14.55 14.78B 12.30 47.00% 13.70B 63.24 45.87 85.00% 3,220,740 2,526,370 2.92 2.87 5 
2013/08/30 23:08:17 52.81 6.14 1.42 14.63 14.86B 12.46 47.00% 13.70B 63.24 45.87 85.00% 3,212,470 2,548,730 2.91 2.87 5 
2013/09/01 19:02:25 52.81 6.14 1.42 14.63 14.86B 12.46 47.00% 13.66B 63.24 45.87 85.00% 3,214,810 2,385,610 2.91 2.87 5 
2013/09/02 13:18:45 52.81 6.14 1.42 14.63 14.86B 12.46 47.00% 13.66B 63.24 45.87 85.00% 3,214,810 2,385,610 2.91 2.87 5 
2013/09/03 17:38:24 53.16 6.17 1.42 14.73 14.96B 12.54 47.00% 13.66B 63.24 45.87 85.00% 3,214,810 2,385,610 2.93 2.87 5 
2013/09/03 18:03:41 53.16 6.17 1.42 14.73 14.96B 12.54 47.00% 13.66B 63.24 45.87 85.00% 3,214,810 2,385,610 2.93 2.87 5 
2013/09/03 19:03:23 53.16 6.17 1.42 14.73 14.96B 12.54 47.00% 13.66B 63.24 45.87 85.00% 3,214,810 2,385,610 2.93 2.87 2.69 7.89 20.38% 31.09% 29.72% 17.97 5.80% 3.70B 1.73B 1.03B 3.61 -12.00% 4.03 985.00K 0.04 N/A N/A 1.29 16.23% 54.79 54.34 281.33M 278.69M 0.94% 16.03M 4.20 5.70% 15.46M 5 
2013/09/04 03:27:42 53.16 6.21 1.42 14.73 14.96B 12.54 47.00% 13.66B 63.24 45.87 85.00% 3,211,880 2,619,130 2.95 2.87 2.69 7.89 20.38% 31.09% 29.72% 17.97 5.80% 3.70B 1.73B 1.03B 3.61 -12.00% 4.03 985.00K 0.04 N/A N/A 1.29 16.84% 54.62 54.46 281.33M 278.69M 0.94% 16.03M 4.20 5.70% 15.46M 5 