
2013/06/11 00:26:53 5.20 78.00 8.07 27.96 450.77M 12.68 1,625.85% 748.14M 5.28 1.10 61.40% 1,128,990 1,192,880 1.95 2.77 3 
2013/06/12 00:41:48 5.16 80.00 8.07 27.74 447.30M 12.59 1,625.85% 748.14M 5.28 1.10 61.40% 1,117,990 1,116,610 2.00 2.77 3 
2013/06/13 00:30:29 5.30 79.38 8.07 28.49 459.44M 12.93 1,625.85% 748.14M 5.34 1.10 61.40% 1,116,780 1,141,720 1.98 2.77 3 
2013/06/14 08:16:12 5.47 84.15 8.07 29.41 474.18M 13.34 1,625.85% 768.08M 5.50 1.10 61.40% 1,134,320 1,204,400 2.10 2.77 3 
2013/06/17 00:14:59 5.43 84.15 9.12 29.19 470.71M 13.24 1,625.85% 779.35M 5.50 1.10 61.40% 1,128,820 1,156,860 2.10 2.77 3 
2013/06/18 00:59:44 5.61 83.54 9.12 30.16 486.31M 13.68 1,625.85% 779.35M 5.75 1.10 61.40% 1,153,560 1,216,530 2.08 2.77 3 
2013/06/18 23:32:07 5.94 86.31 9.12 31.94 514.92M 14.49 1,625.85% 779.35M 6.00 1.10 61.40% 1,168,600 1,257,830 2.15 2.77 3 
2013/06/20 00:09:42 6.10 91.38 9.12 32.80 528.79M 14.88 1,625.85% 779.35M 6.15 1.10 61.40% 1,178,660 1,290,580 2.28 2.77 3 
2013/06/21 01:26:18 5.73 93.85 9.12 30.81 496.72M 13.98 1,625.85% 779.35M 6.15 1.10 61.40% 1,192,620 1,378,940 2.34 2.77 3 
2013/06/24 00:34:04 6.25 88.15 9.55 33.60 541.79M 15.24 1,625.85% 850.43M 6.25 1.10 60.80% 1,215,360 1,571,180 2.20 2.77 3 
2013/06/25 00:32:46 5.79 96.15 9.55 31.13 501.92M 14.12 1,625.85% 850.43M 6.25 1.10 60.80% 1,220,630 1,746,770 2.40 2.77 3 
2013/06/26 01:45:15 5.59 89.08 9.55 30.05 484.58M 13.63 1,625.85% 850.43M 6.25 1.10 60.80% 1,229,930 1,835,960 2.22 2.77 3 
2013/06/27 01:09:09 5.73 86.00 9.32 30.81 496.72M 13.98 1,625.85% 850.43M 6.25 1.10 60.80% 1,235,690 1,876,090 2.15 2.77 3 
2013/07/18 22:54:13 6.64 100.31 10.87 35.70 575.60M 15.81 1,625.85% 884.24M 7.27 1.10 60.80% 1,384,530 1,692,390 2.50 2.77 3 
2013/07/21 22:43:21 6.51 102.15 11.07 35.00 564.33M 15.50 1,625.85% 872.97M 7.27 1.10 60.80% 1,392,960 1,444,720 2.55 2.77 3 
2013/07/23 17:30:29 5.90 92.92 10.07 31.72 511.45M 14.05 1,625.85% 872.97M 7.27 1.10 60.80% 1,412,280 1,307,200 2.32 2.77 3 
2013/07/26 17:39:00 5.26 87.23 9.45 28.28 455.97M 12.52 1,625.85% 872.97M 7.27 1.10 60.80% 1,521,190 2,002,010 2.18 2.77 3 
2013/08/22 21:01:06 5.40 34.97 7.82 24.43 474.49M 10.59 287.31% 781.49M 7.27 1.10 60.80% 1,514,760 1,164,360 2.17 2.57 3 
2013/08/23 10:49:52 5.43 33.54 7.82 24.75 477.12M 10.73 287.31% 781.49M 7.27 1.10 60.80% 1,514,760 1,164,360 2.08 2.57 3 
2013/08/24 19:53:15 5.55 33.54 7.50 25.11 487.67M 10.88 287.31% 781.49M 7.27 1.10 60.80% 1,502,580 1,080,540 2.08 2.57 3 
2013/08/25 23:12:04 5.55 33.54 7.50 25.11 487.67M 10.88 287.31% 787.64M 7.27 1.10 60.80% 1,502,580 1,080,540 2.08 2.57 3 
2013/08/27 01:06:38 5.71 34.47 7.50 25.84 501.73M 11.20 287.31% 787.64M 7.27 1.10 60.80% 1,504,730 892,317 2.14 2.57 3 
2013/08/30 23:10:17 5.23 33.79 7.56 23.67 459.55M 10.25 287.31% 787.64M 7.27 1.10 60.80% 1,504,340 976,229 2.09 2.57 3 
2013/09/01 19:04:23 5.23 33.79 7.56 23.67 459.55M 10.25 287.31% 759.52M 7.27 1.13 60.80% 1,510,220 909,186 2.09 2.57 3 
2013/09/02 13:20:51 5.23 33.79 7.56 23.67 459.55M 10.25 287.31% 759.52M 7.27 1.13 60.80% 1,510,220 909,186 2.09 2.57 3 
2013/09/03 17:51:34 5.36 32.48 7.56 24.25 470.97M 10.51 287.31% 759.52M 7.27 1.13 60.80% 1,510,220 909,186 2.01 2.57 3 
2013/09/03 18:05:34 5.36 32.48 7.56 24.25 470.97M 10.51 287.31% 759.52M 7.27 1.13 60.80% 1,510,220 909,186 2.01 2.57 3 
2013/09/03 19:05:17 5.36 32.48 7.56 24.25 470.97M 10.51 287.31% 759.52M 7.27 1.13 60.80% 1,510,220 909,186 2.01 2.57 3.33 9.75 8.34% 26.93% 8.58% 2.64 4.50% 131.00M 77.88M 19.05M 0.22 145.50% 0.47 341.04M 2,410.14 46.49M 26.92M 2.85 16.23% 5.78 4.46 87.87M 56.43M 0.92% 1.58M 1.00 2.90% 1.46M 3 
2013/09/04 03:29:42 5.36 33.29 7.56 24.25 470.97M 10.51 287.31% 759.52M 7.27 1.13 60.80% 1,506,030 877,467 2.06 2.57 3.33 9.75 8.34% 26.93% 8.58% 2.64 4.50% 131.00M 77.88M 19.05M 0.22 145.50% 0.47 341.04M 2,410.14 46.49M 26.92M 2.85 16.84% 5.74 4.52 87.87M 56.43M 0.92% 1.58M 1.00 2.90% 1.46M 3 