
2013/06/11 00:27:41 9.99 0.84 0.24 24.91 26.25B 8.39 3.94% 67.56B 14.29 9.46 N/A 1,092,940 1,107,750 0.47 0.65 0 
2013/06/13 00:31:07 9.95 0.83 0.24 24.81 26.14B 8.36 3.94% 67.56B 14.29 9.46 N/A 1,078,620 1,002,150 0.46 0.65 0 
2013/06/14 08:16:54 10.02 0.84 0.24 24.99 26.33B 8.42 3.94% 67.14B 14.29 9.46 N/A 1,078,640 924,425 0.47 0.65 0 
2013/06/17 00:15:45 9.92 0.84 0.23 24.74 26.06B 8.34 3.94% 67.06B 14.29 9.46 N/A 1,054,270 852,912 0.47 0.65 0 
2013/06/18 01:00:32 10.05 0.83 0.23 25.06 26.41B 8.45 3.94% 67.06B 14.29 9.46 N/A 1,062,030 893,433 0.46 0.65 0 
2013/06/18 23:32:54 10.18 0.84 0.23 25.39 26.75B 8.55 3.94% 67.06B 14.29 9.46 N/A 1,064,130 889,929 0.47 0.65 0 
2013/06/20 00:10:35 10.02 0.85 0.23 24.99 26.33B 8.42 3.94% 67.06B 14.29 9.46 N/A 1,062,140 855,525 0.47 0.65 0 
2013/06/21 01:26:59 9.67 0.84 0.23 24.11 25.41B 8.13 3.94% 67.06B 14.29 9.46 N/A 1,064,950 946,825 0.47 0.65 0 
2013/06/24 00:34:48 9.60 0.81 0.22 23.94 25.22B 8.07 3.94% 66.22B 14.29 9.46 N/A 1,080,460 1,109,360 0.45 0.65 0 
2013/06/25 00:33:39 9.30 0.80 0.22 23.19 24.43B 7.82 3.94% 66.22B 14.29 9.30 N/A 1,086,200 1,261,470 0.45 0.65 1 
2013/06/26 01:46:01 9.54 0.78 0.22 23.79 25.07B 8.02 3.94% 66.22B 14.29 9.30 N/A 1,070,600 1,163,140 0.43 0.65 0 
2013/06/27 01:09:55 9.62 0.80 0.22 23.99 25.28B 8.08 3.94% 66.22B 14.29 9.30 N/A 1,067,460 1,118,090 0.44 0.65 0 