
2013/06/11 00:27:53 75.42 2.53 0.97 14.68 3.71B 12.28 18.08% 3.81B 76.57 45.54 76.00% 941,839 498,367 1.64 1.54 3 
2013/06/12 00:42:38 75.42 2.53 0.97 14.68 3.71B 12.34 18.08% 3.81B 76.57 45.54 76.00% 905,861 475,886 1.64 1.54 3 
2013/06/13 00:31:18 75.33 2.53 0.97 14.66 3.71B 12.33 18.08% 3.81B 76.57 45.54 76.00% 872,462 466,912 1.64 1.54 3 
2013/06/14 08:17:06 75.45 2.53 0.97 14.68 3.71B 12.35 18.08% 3.81B 76.57 45.54 76.00% 845,045 437,112 1.64 1.54 3 
2013/06/17 00:15:55 75.48 2.53 0.97 14.69 3.71B 12.35 18.08% 3.81B 76.57 45.54 76.00% 813,783 411,650 1.64 1.54 3 
2013/06/18 01:00:43 75.44 2.53 0.97 14.68 3.71B 12.35 18.08% 3.81B 76.57 45.54 76.00% 794,172 329,700 1.64 1.54 3 
2013/06/18 23:33:05 75.44 2.53 0.97 14.68 3.71B 12.35 18.08% 3.81B 76.57 45.54 76.00% 777,914 325,186 1.64 1.54 3 
2013/06/20 00:10:57 75.37 2.53 0.97 14.67 3.71B 12.34 18.08% 3.81B 76.57 45.54 76.00% 752,012 329,362 1.64 1.54 3 
2013/06/21 01:27:14 75.12 2.53 0.97 14.62 3.70B 12.29 18.08% 3.81B 76.57 45.54 76.00% 747,289 437,912 1.64 1.54 3 
2013/06/24 00:34:58 75.06 2.52 0.96 14.61 3.69B 12.28 18.08% 3.79B 76.57 45.54 79.40% 734,192 496,462 1.63 1.54 3 
2013/06/25 00:33:50 74.91 2.52 0.96 14.58 3.69B 12.26 18.08% 3.79B 76.57 45.54 79.40% 730,959 652,733 1.63 1.54 3 
2013/06/26 01:46:17 75.12 2.51 0.96 14.62 3.70B 12.29 18.08% 3.79B 76.57 45.54 79.40% 713,031 594,143 1.63 1.54 3 
2013/06/27 01:10:06 75.06 2.52 0.96 14.61 3.69B 12.28 18.08% 3.79B 76.57 45.54 79.40% 705,920 620,575 1.63 1.54 3 
2013/07/18 22:57:21 75.97 2.55 0.96 14.79 3.74B 12.39 18.08% 3.83B 76.57 49.90 79.40% 544,490 560,288 1.65 1.54 3 
2013/07/21 22:44:41 75.94 2.55 0.96 14.78 3.74B 12.39 18.08% 3.84B 76.57 49.90 79.40% 537,443 455,175 1.65 1.54 3 
2013/07/23 17:31:21 75.95 2.55 0.96 14.78 3.74B 12.39 18.08% 3.84B 76.57 49.90 79.40% 526,500 432,533 1.65 1.54 3 
2013/07/26 17:39:50 75.95 2.55 0.96 14.78 3.74B 12.39 18.08% 3.84B 76.57 54.00 79.40% 503,227 391,200 1.65 1.54 3 