
2013/06/11 00:31:32 78.65 1.99 1.31 21.09 19.76B 19.96 10.69% 23.62B 88.38 42.67 N/A 131,041 84,467 1.29 1.71 2 
2013/06/12 00:45:09 77.86 2.05 1.31 20.87 19.56B 19.76 10.69% 23.62B 88.38 42.67 N/A 131,361 88,971 1.33 1.71 2 
2013/06/13 00:33:50 78.73 2.03 1.31 21.11 19.78B 19.98 10.69% 23.62B 88.38 42.67 N/A 132,372 91,600 1.32 1.71 2 
2013/06/14 08:19:44 79.03 2.06 1.31 21.19 19.85B 20.06 10.69% 24.22B 88.38 42.69 N/A 132,594 84,163 1.34 1.71 2 
2013/06/17 00:18:42 76.51 2.06 1.43 20.51 19.22B 19.42 10.69% 23.67B 88.38 42.69 N/A 131,391 80,856 1.34 1.71 2 
2013/06/18 01:03:38 79.33 1.99 1.43 21.27 19.93B 20.13 10.69% 23.67B 88.38 42.82 N/A 124,791 99,000 1.30 1.71 2 
2013/06/18 23:35:56 79.07 2.07 1.43 21.20 19.86B 20.07 10.69% 23.67B 88.38 42.82 N/A 124,516 97,214 1.34 1.71 2 
2013/06/20 00:17:09 77.64 2.06 1.43 20.82 19.50B 19.71 10.69% 23.67B 88.38 42.82 N/A 124,019 93,813 1.34 1.71 2 
2013/06/21 01:30:08 71.61 2.02 1.43 19.20 17.99B 18.18 10.69% 23.67B 88.38 42.82 N/A 124,575 101,189 1.31 1.71 2 
2013/06/24 00:37:46 72.75 1.87 1.29 19.50 18.27B 18.46 10.69% 22.72B 88.38 42.91 N/A 128,038 124,475 1.21 1.71 2 
2013/06/25 00:37:11 69.13 1.90 1.29 18.53 17.36B 17.55 10.69% 22.72B 88.38 43.35 N/A 130,794 164,100 1.23 1.71 2 
2013/06/26 01:49:41 69.08 1.80 1.29 18.52 17.35B 17.53 10.69% 22.72B 88.38 43.35 N/A 131,209 151,671 1.17 1.71 2 
2013/06/27 01:13:11 69.01 1.80 1.25 18.50 17.33B 17.52 10.69% 22.72B 88.38 43.35 N/A 130,245 141,275 1.17 1.71 2 