
2013/06/11 00:32:47 82.08 223.32 2.21 27.37 16.62B 22.24 1,240.40% 17.36B 88.72 61.27 92.90% 1,606,400 1,179,420 4.23 1.56 2 
2013/06/12 00:46:16 81.64 221.84 2.21 27.22 16.53B 22.12 1,240.40% 17.36B 88.72 61.27 92.90% 1,589,250 1,117,370 4.20 1.56 2 
2013/06/13 00:34:42 81.29 220.65 2.21 27.11 16.46B 22.03 1,240.40% 17.36B 88.72 61.27 92.90% 1,574,400 1,088,520 4.18 1.56 2 
2013/06/14 08:20:42 82.23 222.24 2.25 27.42 16.65B 22.28 1,240.40% 17.09B 88.72 61.27 92.90% 1,536,500 1,069,450 4.21 1.56 2 
2013/06/17 00:19:42 81.35 222.24 2.25 27.13 16.47B 22.05 1,240.40% 17.10B 88.72 61.27 92.90% 1,479,240 999,600 4.21 1.56 2 
2013/06/18 01:04:41 83.01 219.86 2.25 27.68 16.81B 22.50 1,240.40% 17.10B 88.72 61.27 92.90% 1,449,080 857,150 4.17 1.56 2 
2013/06/18 23:37:09 83.24 224.35 2.25 27.76 16.85B 22.56 1,240.40% 17.10B 88.72 61.27 92.90% 1,424,480 822,114 4.25 1.56 2 
2013/06/20 00:20:09 80.83 224.97 2.25 26.95 16.37B 21.91 1,240.40% 17.10B 88.72 61.27 92.90% 1,413,050 837,988 4.26 1.56 2 
2013/06/21 01:31:16 78.11 217.54 2.25 26.05 15.82B 21.17 1,240.40% 17.10B 88.72 61.27 92.90% 1,421,400 945,912 4.12 1.56 2 
2013/06/24 00:38:37 78.25 211.11 2.16 26.09 15.84B 21.21 1,240.40% 16.47B 87.68 61.27 93.90% 1,408,470 1,025,280 4.00 1.56 2 
2013/06/25 00:38:16 76.94 211.49 2.16 25.66 15.58B 20.85 1,240.40% 16.47B 87.52 61.27 93.90% 1,417,760 1,310,830 4.01 1.56 2 
2013/06/26 01:50:54 77.30 207.95 2.13 25.78 15.65B 21.01 1,240.40% 16.47B 87.36 61.27 93.90% 1,410,460 1,326,070 3.94 1.56 2 
2013/06/27 01:14:11 78.71 208.92 2.14 26.25 15.94B 21.39 1,240.40% 16.47B 86.87 61.27 93.90% 1,403,740 1,280,060 3.96 1.56 2 
2013/07/18 23:12:04 72.02 195.19 2.25 24.01 14.58B 20.17 1,240.40% 15.66B 86.87 61.27 93.90% 1,907,910 3,144,890 3.70 1.56 2 
2013/07/21 22:51:21 73.30 194.65 2.20 24.44 14.84B 20.53 1,240.40% 15.47B 86.87 61.27 93.90% 1,907,910 2,449,650 3.69 1.56 2 
2013/07/23 17:34:54 71.61 196.57 2.22 23.88 14.50B 20.06 1,240.40% 15.47B 86.87 61.27 93.90% 1,918,380 1,886,580 3.73 1.56 2 
2013/07/26 17:44:38 73.68 201.22 2.27 24.57 14.92B 20.64 1,240.40% 15.47B 86.87 61.27 93.90% 1,952,700 2,440,110 3.81 1.56 2 
2013/08/22 21:07:55 76.36 105.09 2.40 25.63 15.45B 21.39 519.03% 15.96B 86.87 61.27 93.90% 2,031,370 1,262,210 3.86 1.65 2 
2013/08/23 10:54:10 76.99 105.32 2.40 25.83 15.58B 21.55 519.03% 15.96B 86.87 61.27 93.90% 2,031,370 1,262,210 3.87 1.65 2 
2013/08/24 19:57:59 76.95 105.32 2.40 25.83 15.57B 21.55 519.03% 15.96B 86.87 61.27 93.90% 1,987,090 1,240,850 3.87 1.65 2 
2013/08/25 23:16:54 76.95 105.32 2.40 25.83 15.57B 21.55 519.03% 16.13B 86.87 61.27 93.90% 1,987,090 1,240,850 3.87 1.65 2 
2013/08/27 01:11:13 75.92 106.14 2.40 25.49 15.37B 21.27 519.03% 16.13B 86.87 61.27 93.90% 1,989,410 1,259,670 3.90 1.65 2 
2013/08/30 23:15:46 75.03 102.70 2.34 25.19 15.19B 21.02 519.03% 16.13B 86.87 61.27 93.90% 1,979,520 1,272,040 3.77 1.65 2 
2013/09/01 19:12:00 75.03 102.70 2.48 25.19 15.19B 21.02 519.03% 15.63B 86.87 61.27 93.90% 1,966,960 1,110,910 3.77 1.65 2 
2013/09/02 13:25:58 75.03 102.70 2.48 25.19 15.19B 21.02 519.03% 15.63B 86.87 61.27 93.90% 1,966,960 1,110,910 3.77 1.65 2 
2013/09/03 18:09:50 75.28 103.49 2.48 25.27 15.24B 21.09 519.03% 15.63B 86.87 61.27 93.90% 1,966,960 1,110,910 3.80 1.65 2 
2013/09/03 19:09:42 75.28 103.49 2.48 25.27 15.24B 21.09 519.03% 15.63B 86.87 61.27 93.90% 1,966,960 1,110,910 3.80 1.65 3.91 15.92 15.25% 23.05% 18.45% 19.69 4.20% 2.42B 981.40M 607.90M 2.98 -2.20% 5.02 1.57B 783.82 825.30M 607.62M 0.65 16.23% 75.05 77.39 202.39M 201.86M 0.24% 4.26M 2.20 2.30% 4.32M 2 
2013/09/04 03:33:54 75.28 103.83 2.48 25.27 15.24B 21.09 519.03% 15.63B 86.87 61.27 93.90% 1,973,710 1,283,980 3.81 1.65 3.91 15.92 15.25% 23.05% 18.45% 19.69 4.20% 2.42B 981.40M 607.90M 2.98 -2.20% 5.02 1.57B 783.82 825.30M 607.62M 0.65 16.84% 75.09 77.36 202.39M 201.86M 0.24% 4.26M 2.20 2.30% 4.32M 2 