
2013/06/11 00:34:25 25.22 2.43 1.05 37.92 1.01B 9.59 6.96% 1.14B 25.46 12.54 103.10% 993,498 645,417 0.95 1.85 1 
2013/06/12 00:47:17 25.28 2.43 1.05 38.02 1.01B 9.61 6.96% 1.14B 25.46 12.54 103.10% 998,120 616,743 0.94 1.85 1 
2013/06/13 00:35:35 25.28 2.43 1.05 38.02 1.01B 9.61 6.96% 1.14B 25.46 12.54 103.10% 999,981 586,950 0.95 1.85 1 
2013/06/14 08:21:41 25.28 2.43 1.05 38.02 1.01B 9.61 6.96% 1.14B 25.46 12.54 103.10% 959,675 578,550 0.95 1.85 1 
2013/06/17 00:20:40 25.28 2.43 1.05 38.02 1.01B 9.61 6.96% 1.14B 25.46 12.54 103.10% 947,643 534,000 0.95 1.85 1 
2013/06/18 01:05:41 25.30 2.43 1.05 38.05 1.01B 9.62 6.96% 1.14B 25.46 12.54 103.10% 917,211 424,167 0.95 1.85 1 
2013/06/18 23:38:40 25.32 2.43 1.05 38.08 1.02B 9.63 6.96% 1.14B 25.46 12.54 103.10% 922,208 466,671 0.95 1.85 1 
2013/06/20 00:23:07 25.31 2.44 1.05 38.06 1.02B 9.62 6.96% 1.14B 25.46 12.54 103.10% 926,788 546,112 0.95 1.85 1 
2013/06/21 01:32:22 25.28 2.43 1.05 38.02 1.01B 9.61 6.96% 1.14B 25.46 12.54 103.10% 920,320 541,700 0.95 1.85 1 
2013/06/24 00:39:28 25.28 2.43 1.05 38.02 1.01B 9.61 6.96% 1.14B 25.46 12.54 104.50% 931,108 583,450 0.95 1.85 1 
2013/06/25 00:39:19 25.28 2.43 1.05 38.02 1.01B 9.61 6.96% 1.14B 25.46 12.54 104.50% 945,773 774,317 0.95 1.85 1 
2013/06/26 01:52:02 25.28 2.43 1.05 38.02 1.01B 9.61 6.96% 1.14B 25.46 12.62 104.50% 970,169 928,943 0.95 1.85 1 
2013/06/27 01:15:09 25.28 2.43 1.05 38.02 1.01B 9.61 6.96% 1.14B 25.46 12.62 104.50% 987,025 965,212 0.95 1.85 1 