
2013/06/11 00:39:24 13.69 2.51 0.64 26.18 670.96M 3.90 9.44% 658.97M 13.74 8.10 27.10% 107,733 56,133 1.59 0.78 3 
2013/06/12 00:51:29 13.70 2.50 0.63 26.20 671.45M 3.90 9.44% 658.97M 13.74 8.10 27.10% 104,384 60,686 1.59 0.78 3 
2013/06/13 00:39:44 13.70 2.51 0.63 26.20 671.45M 3.90 9.44% 658.97M 13.74 8.10 27.10% 99,214 58,063 1.59 0.78 3 
2013/06/14 08:25:37 13.72 2.51 0.63 26.23 672.43M 3.91 9.44% 657.01M 13.74 8.10 27.10% 98,198 63,863 1.59 0.78 3 
2013/06/17 00:24:30 13.65 2.51 0.60 26.10 669.00M 3.07 9.44% 654.56M 13.74 8.10 27.10% 98,620 72,625 1.59 0.78 3 
2013/06/18 01:09:52 13.70 2.50 0.60 26.20 671.45M 3.08 9.44% 654.56M 13.74 8.10 27.10% 93,866 92,383 1.58 0.78 3 
2013/06/18 23:42:59 13.69 2.51 0.60 26.18 670.96M 3.08 9.44% 654.56M 13.76 8.10 27.10% 101,366 154,229 1.59 0.78 3 
2013/06/20 00:35:57 13.69 2.50 0.60 26.18 670.96M 3.08 9.44% 654.56M 13.76 8.10 27.10% 100,222 144,325 1.59 0.78 3 
2013/06/21 01:36:17 13.65 2.50 0.60 26.10 669.00M 3.07 9.44% 654.56M 13.76 8.10 27.10% 100,056 151,775 1.59 0.78 3 
2013/06/24 00:44:03 13.65 2.50 0.90 26.10 669.00M 2.83 9.44% 654.56M 13.76 8.10 29.40% 101,698 171,450 1.58 0.78 3 
2013/06/25 00:43:53 13.67 2.50 0.90 26.14 669.98M 2.84 9.44% 654.56M 13.76 8.10 29.40% 102,025 205,217 1.58 0.78 3 
2013/06/26 01:56:31 13.69 2.50 0.90 26.18 670.96M 2.84 9.44% 654.56M 13.76 8.10 29.40% 100,705 188,371 1.58 0.78 3 
2013/06/27 01:19:17 13.75 2.50 0.91 26.29 673.90M 2.85 9.44% 654.56M 13.76 8.10 29.40% 111,034 266,100 1.59 0.78 3 